2.32534647
2.34725523
2.298500538
2.303902149
2.304550409
2.335705757
2.333802938
2.272035122
2.25633359
2.239870787
2.266559362
2.268321037
2.235968113
2.207535982
2.233243704
2.262432337
2.237158775
2.210815191
2.217601538
2.238669634
2.202135324
2.214982033
2.184088707
2.163227081
2.229333878
2.196410656
2.176188231
2.186691523
2.161913633
2.147334814
2.138529539
2.091329098
2.129347324
2.142344236
2.132889271
2.059544086
2.01990509
2.088741541
2.029017925
2.071568489
2.102412701
2.043560505
1.997802615
2.046073675
2.015686274
2.001312256
1.995807648
2.057948828
2.047038794
1.952830434
1.98938632
1.973372459
2.012955189
1.993237734
1.969677448
1.953300595
2.007039547
1.949493885
2.054136276
1.98509264
1.987677693
2.026812315
2.01471734
2.021412849
1.960284114
1.9941957
1.923498988
1.928746343
1.979456186
1.917346001
1.948048115
1.927042127
1.948774219
1.938821554
2.006768227
1.932467818
1.902608275
1.972252727
1.878091574
1.91914916
1.940892339
1.955721021
1.934552908
1.851043701
1.882904053
1.897554517
1.904839993
1.865727067
1.882311344
1.916809559
1.901896954
1.819434285
1.89737916
1.817350626
1.831130743
1.875124574
1.88268292
1.844872117
1.83150208
1.853739977
1.81058383
1.832326055
1.765478373
1.888394475
1.8461169
1.797370315
1.752283812
1.747977257
1.794115901
1.741859198
1.756492972
1.784861684
1.767439485
1.671624541
1.643366814
1.664795637
1.686816216
1.924955249
1.681500912
1.721796632
1.737178922
1.692445874
1.712608337
1.705603719
1.680305958
1.647131324
1.63583827
1.703030109
1.631588936
1.682057261
1.637755871
1.642911792
1.711849451
1.671572804
1.687540054
1.624612212
1.591086984
1.573327541
1.602282643
1.629777312
1.588086247
1.575454593
1.682246685
1.666652322
1.602725506
1.608478785
1.689148188
1.562955379
1.618813396
1.595309734
1.644512177
1.607622504
1.689694285
1.591858029
1.495047808
1.607384086
1.537617683
1.61520946
1.638802171
1.556492925
1.48561883
1.662288904
1.592986822
1.504553556
1.515104532
1.573990464
1.602437973
1.436753035
1.510073781
1.542190075
1.556040168
1.591114759
1.441537023
1.53457129
1.588434696
1.491241097
1.692531228
1.541303754
1.572665691
1.63382113
1.63673389
1.589082122
1.516517162
1.509260058
1.467057705
1.490098476
1.561040044
1.474819541
1.540777683
1.481799126
1.507911921
1.485641241
1.487957597
1.467068672
1.444031477
1.488022089
1.422763824
1.437821865
1.53299737
1.532454967
1.538277745
1.483754277
1.437367558
1.456998825
1.454255581
1.442603827
1.436655045
1.506152987
1.46532321
1.368555546
1.470991015
1.408302069
1.362153053
1.478048325
1.465087175
1.435624361
1.440587282
1.406710744
1.336079717
1.430608034
1.328475595
1.456764221
1.387930989
1.396878123
1.345274448
1.367699623
1.325290084
1.336606503
1.346998811
1.353662372
1.378435016
1.29023242
1.26355207
1.209895611
1.321504474
1.508469462
1.303744912
1.425636888
1.375424743
1.307700038
1.366175413
1.344723105
1.363743424
1.278678298
1.267829418
1.334180117
1.30960381
1.307813644
1.234855294
1.342254281
1.44449687
1.362214684
1.352963805
1.317411184
1.31632781
1.214629412
1.319299102
1.306338191
1.317996383
1.27554822
1.388030291
1.372680426
1.311388493
1.360604644
1.516394138
1.270485163
1.365415692
1.335299253
1.328459978
1.358983517
1.408669114
1.281354189
1.22385025
1.302034855
1.23441267
1.328573346
1.388835788
1.237046838
1.204233885
1.385126472
1.288973808
1.295871854
1.302348852
1.278389454
1.313821554
1.202410102
1.228948832
1.288295507
1.328296185
1.29724896
1.195845485
1.268191218
1.262306452
1.20775485
1.432312608
1.308913469
1.346632361
1.398705959
1.350897551
1.335347772
1.223343372
1.281195045
1.194530368
1.285050631
1.306523561
1.247240663
1.286802173
1.261582375
1.267902017
1.29991436
1.293617845
1.219866514
1.203251123
1.321600437
1.185658455
1.229799509
1.346469998
1.355668664
1.31506896
1.233374596
1.217615008
1.265379071
1.282609701
1.239340782
1.231715083
1.313067675
1.304468155
1.149769187
1.302135468
1.164629698
1.105135322
1.273303628
1.289523005
1.289394617
1.27690351
1.224885821
1.181117535
1.282356143
1.156733394
1.283325672
1.226310968
1.223182321
1.128393769
1.217924595
1.120735407
1.152465701
1.192783356
1.181766272
1.205131292
1.077254295
1.118819237
1.003044605
1.148633599
1.278520107
1.136316538
1.262271047
1.266457915
1.118524075
1.212077022
1.15206933
1.199901938
1.130712032
1.142083049
1.189264059
1.124447823
1.135250807
1.071812987
1.221845388
1.315260887
1.204830408
1.237215638
1.21774447
1.151675701
1.097012043
1.147310853
1.134567857
1.195741653
1.138789296
1.236207366
1.236753225
1.120757699
1.257860184
1.34796679
1.129911661
1.211043596
1.167430162
1.18806839
1.196234822
1.279799819
1.166255474
1.076774001
1.188292027
1.116349459
1.211270809
1.281554103
1.148594975
1.054990053
1.306374192
1.184794307
1.169323444
1.160564065
1.152541637
1.220342875
1.080403566
1.104424596
1.148302317
1.194445133
1.193445086
1.066812396
1.151607394
1.240173459
1.080833316
1.32265234
1.160893321
1.226239681
1.287923932
1.242952347
1.24989903
1.158063412
1.15311873
1.07766521
1.190608859
1.21380949
1.118263841
1.201102614
1.161374688
1.205412269
1.17812109
1.175509691
1.125460982
1.11523807
1.208382726
1.074532509
1.136845112
1.233110428
1.222362518
1.238750696
1.113699079
1.117395997
1.169363141
1.157427788
1.142462134
1.110166073
1.227293134
1.146258831
1.047545075
1.162740827
1.083004475
1.032383442
1.156653285
1.217945099
1.186197162
1.178840756
1.12136066
1.08231163
1.156674266
1.060999513
1.187387943
1.134868979
1.167251945
1.066217542
1.123749018
1.049435616
1.032804012
1.066677213
1.106365323
1.151210308
0.979168475
1.058262825
0.952308834
0.984551668
1.295859218
1.062562943
1.163609028
1.174857974
1.048326373
1.082180858
1.141344666
1.13927269
1.049932718
1.079646468
1.139561057
1.055058002
1.110443592
0.982667506
1.131633162
1.224414349
1.155870795
1.138674498
1.142254829
1.095833063
1.00359714
1.050793886
1.081154108
1.130490184
1.074448466
1.163754106
1.168147326
1.09510541
1.171580911
1.281174779
1.061936498
1.150263786
1.120581985
1.132581592
1.143654585
1.229174256
1.094865322
0.990995467
1.121623755
1.01335299
1.103061795
1.184334636
1.046476007
0.981769085
1.225230694
1.086410403
1.06706655
1.133311629
1.094292879
1.1723243
1.0070647
1.035520792
1.102119446
1.150636315
1.117399693
1.011696696
1.076394796
1.132822752
1.016366363
1.281173944
1.088441849
1.166395903
1.255808592
1.177054048
1.187773585
1.067353964
1.101232886
0.987735093
1.122461915
1.175283551
1.091861367
1.094831109
1.097293377
1.093065143
1.168902993
1.112836838
1.052214742
1.035839915
1.147955298
1.043461204
1.081837177
1.153173566
1.153806329
1.22121954
1.084071398
1.054593086
1.133746624
1.124265194
1.076838374
1.058132768
1.126698017
1.109343171
0.991813004
1.161041856
0.999621272
0.967018604
1.112752438
1.163964987
1.11048758
1.162082314
1.028014302
0.997127771
1.118981361
0.97918421
1.151524067
1.086268306
1.090212703
0.998265386
1.056881905
0.98333782
0.995219588
1.026366591
1.057548881
1.096455455
0.921713054
0.964823663
0.868392706
0.907323897
1.25690484
0.988819957
1.152720451
1.134509087
1.025309205
1.047144771
1.049489021
1.08832705
0.953969538
1.030681372
1.107075334
1.022754073
1.034694433
0.956172347
1.071088195
1.156262279
1.115910888
1.09205699
1.049438596
1.070754647
0.985614717
1.065403938
1.045557618
1.063431025
0.98978579
1.148833036
1.15109539
1.023750067
1.124498606
1.281970859
1.00187254
1.099524617
1.080837131
1.044851542
1.121879101
1.152158022
1.035154343
0.963481843
1.073417425
0.999258518
1.092056513
1.093444347
0.993970156
0.929001153
1.1667943
1.023214817
1.074186921
1.080452442
1.042151093
1.11847043
0.952083886
0.98980701
1.06637454
1.088961959
1.081838131
0.942532182
1.052873611
1.079468012
0.989394784
1.210987926
1.103703737
1.08422482
1.183335304
1.143975496
1.159829617
1.063803911
1.051407695
0.944993556
1.100857615
1.10297966
1.045109034
1.058567524
1.033379912
1.05264008
1.092973471
1.098398924
1.031391025
0.983440697
1.117720604
0.991292775
1.04834342
1.166828871
1.12866056
1.178576469
1.014134526
0.993117571
1.039146781
1.118995309
1.046802759
1.051455736
1.152889252
1.071980238
0.926554918
1.116264105
1.002861023
0.949863374
1.063155293
1.11165905
1.082683802
1.096059442
0.983168066
0.971214592
1.081309199
0.946484864
1.140306354
1.056272388
1.055146813
0.960303962
1.041197062
0.945370674
0.95368278
0.978145003
1.023922324
1.06715703
0.898781002
0.943387091
0.831047833
0.929627299
1.15499258
0.936892509
1.072912216
1.14697504
0.967008054
1.019806623
1.027002692
1.046879649
0.948184133
1.00620985
1.029641271
1.011608958
0.96837306
0.910612345
1.076264381
1.153344989
1.077237248
1.091949582
1.048357964
1.027822971
0.956719816
0.979699671
0.993597269
1.057997584
0.970624745
1.114653587
1.084432244
0.982053339
1.078537941
1.240638256
0.950993001
1.078992963
1.083782315
1.081383228
1.087548971
1.18411839
1.00082624
0.911225259
1.007881761
0.989285409
1.086673737
1.124085546
1.000043631
0.89916414
1.141703844
1.043585896
1.041504264
1.044558048
1.028450489
1.098468781
0.975719929
1.014748335
1.052067399
1.069450855
1.059741259
0.899207711
1.018088102
1.079806447
0.967748582
1.228605628
1.059475899
1.099902749
1.169042349
1.112097621
1.12961328
1.021526814
1.004086733
0.916523695
1.035121679
1.081761003
1.009835005
1.053663492
1.017375231
1.044061422
1.083726764
1.031005144
1.035860896
0.985798717
1.120753288
0.980291188
0.998168409
1.144655466
1.097100973
1.113037109
1.032133102
0.981793106
1.068044186
1.087729692
1.03812921
1.039655685
1.087985635
1.061808467
0.927461922
1.138347149
0.992409945
0.926586092
1.076977372
1.104527831
1.070414782
1.07877934
0.9847579
0.970366299
1.10926044
0.945165753
1.106999874
1.018122315
1.010609388
0.967829525
1.01424253
0.951084256
0.972570419
0.948313177
0.984180868
1.043163538
0.886767268
0.923967183
0.793094933
0.87734282
1.129048347
0.918518603
1.108108997
1.095225215
0.948692441
1.028213263
1.014760137
1.009385467
0.929368854
0.96920681
1.013003945
0.952549994
0.975064754
0.894442976
1.024747491
1.115216255
1.058578134
1.035112381
1.030946732
0.994808912
0.943700135
0.959377348
0.987104356
1.024048686
0.99604553
1.075541258
1.162633419
0.988821328
1.094993591
1.211873412
0.975388348
1.078992844
1.039951205
1.032079697
1.004290104
1.164266586
1.004853249
0.905307293
0.992586374
0.967985153
1.040288806
1.102833748
1.004817963
0.881995916
1.142069697
1.034297585
1.008892536
1.011759281
1.001533866
1.077479959
0.945315361
0.95791173
1.032482386
1.095991373
1.054085612
0.886987507
0.998237967
1.063785911
0.964935362
1.20296824
1.03103435
1.090654969
1.180577397
1.114614248
1.121940017
1.015688539
1.052713633
0.903342664
1.040087819
1.067475677
0.977578521
1.02880466
1.009417295
1.064547658
1.072136402
1.088213801
0.995871484
0.94046694
1.114157081
0.955709875
0.99676013
1.086327076
1.110366106
1.11994493
0.96377641
0.973938942
1.057767868
1.07674706
0.980841041
0.987499714
1.080587983
1.043012142
0.943547606
1.071973324
0.96325624
0.923407018
1.060503244
1.133691192
1.072509646
1.085757375
0.996045411
0.932609856
1.078337908
0.943879664
1.083961844
0.989507139
1.019464374
0.922275782
1.010309815
0.919181287
0.934798837
0.968844712
0.976548851
1.012008309
0.886920571
0.916646481
0.800600052
0.866400719
1.102995992
0.936529994
1.055902839
1.068719149
0.939068258
0.982225716
0.965801954
1.052706718
0.909879923
0.97439754
1.022239804
0.944128156
0.950253248
0.888521731
1.038741112
1.119661689
1.040901661
1.043508291
1.014991879
0.962654769
0.907612205
0.943068385
0.959385872
0.985140383
0.965655088
1.075111747
1.076801896
0.955464661
1.071079612
1.241013527
0.934643984
1.07666409
1.064474821
0.98255384
1.042122722
1.147159338
0.967454016
0.894859314
1.002855301
0.937922239
1.045772672
1.102396369
0.935935974
0.88179791
1.092050791
1.004829288
0.962059259
1.027031302
1.012926221
1.05259347
0.920725167
0.946228147
1.001089573
1.055021763
1.025295854
0.918118119
1.003108025
1.048746467
0.9436481
1.182482958
1.020279288
1.064332247
1.139256597
1.082903028
1.137406588
1.028479338
1.014261842
0.90611583
1.050774813
1.017058611
0.974519193
1.040126204
0.988951266
1.066797376
1.047528744
1.041102529
0.994782925
0.941990197
1.073656678
0.936459303
0.974239171
1.104848146
1.084918976
1.103414297
1.012798071
0.964660883
1.034526944
1.047142625
0.981116951
0.991612911
1.072907448
1.067180037
0.887185335
1.084057331
0.955091298
0.887764871
1.021155
1.052620769
1.03888464
1.063996553
0.99307549
0.908867002
1.037332654
0.910031736
1.032755494
0.998751163
1.031065106
0.932466507
0.984919488
0.904438496
0.909712136
0.928308845
0.949502528
1.020017147
0.883941352
0.881756246
0.786066592
0.874629021
1.161301255
0.907270312
1.051789522
1.08133769
0.94654721
0.989050746
0.970817387
1.006556034
0.931607544
0.965977013
0.982248962
0.930593431
0.932646155
0.89969635
1.018219233
1.115315676
1.053863287
1.049820185
1.038910985
0.94956696
0.89634496
0.935145974
0.931992173
1.015595078
0.935666382
1.055712938
1.089872003
0.970753193
1.060811877
1.197683573
0.933677077
1.047415495
1.018475771
0.974936366
1.028147101
1.146178246
0.963442504
0.890131116
0.995197713
0.899803102
1.068974495
1.069525838
0.936080277
0.878927529
1.093488812
0.982510388
0.991868794
1.023880005
0.994340301
1.026145697
0.893841684
0.945851326
0.983023226
1.024046898
1.026554108
0.896120667
0.959444404
0.985421062
0.9230088
1.150928855
1.076902509
1.025781274
1.162312865
1.075147986
1.079170704
0.985726058
1.011212826
0.889477432
1.030066848
1.0490309
0.956002653
1.045007825
0.959380388
1.036359787
1.046073198
1.017942786
0.989916623
0.902145505
1.061216474
0.933448672
0.97187829
1.097060919
1.061728835
1.143108845
0.989744127
0.951545775
1.033420563
1.045790672
1.011128664
0.978489816
1.070489407
1.07891798
0.899365187
1.06639111
0.90422523
0.885754228
1.049752831
1.081625342
1.00747478
1.059800863
0.943473518
0.932237208
1.074233294
0.885689795
1.052820444
0.999219775
0.990116596
0.901755452
0.994237959
0.902824104
0.912751913
0.940756798
0.934489846
0.993804812
0.856025696
0.874485135
0.811793864
0.854316652
1.081121683
0.919252515
1.073542953
1.092535138
0.929169953
0.981509387
0.971252501
1.001855612
0.898509741
0.988111377
1.033001423
0.920018733
0.992975593
0.868584156
0.993685246
1.097539306
1.042165279
1.023538828
0.990833521
0.940706551
0.90862298
0.950856507
0.919864655
1.01080966
0.974536002
1.03634584
1.103989363
0.985684752
1.042477012
1.223009586
0.917511046
1.051408648
1.022043467
0.986486793
1.004983068
1.082217693
0.955569923
0.87609303
0.933826327
0.940076709
1.029272556
1.052015543
0.917326033
0.886598647
1.112621903
1.037081599
0.941118479
0.981562912
0.947904766
1.032199979
0.888103724
0.947383642
1.023036122
1.009459257
1.018822432
0.895694494
0.990817666
1.055071473
0.933934152
1.137142539
1.034533143
1.039880991
1.125636458
1.092001557
1.091925859
0.997110486
0.98477447
0.889332294
1.011169791
1.031517863
0.968675137
1.018389583
0.977867424
1.027471423
1.012868047
0.998808801
0.96937865
0.930145025
1.057500958
0.911762059
0.970159411
1.09333837
1.065866113
1.1106776
1.011993766
0.93713969
1.021460176
1.055380821
1.004705429
1.017997265
1.040428758
1.036923051
0.903384387
1.059635162
0.952469766
0.873214304
1.031941772
1.109426141
1.044278502
1.076842666
0.925321937
0.913079798
1.051957488
0.912142932
1.04219687
0.970790923
1.012730122
0.910161734
0.96940881
0.924695909
0.91237992
0.926352382
0.919195235
0.996164799
0.874159157
0.878022373
0.805071235
0.823669136
1.108364582
0.916190803
1.007778049
1.036779284
0.963139057
0.965572596
0.953416705
0.99911052
0.912953019
0.919117153
0.977355063
0.951446414
0.944800317
0.858692825
1.001950026
1.096761227
1.002695441
1.043797374
1.003703713
0.960684359
0.931788564
0.930309415
0.946522593
1.021404386
0.946451962
1.054908872
1.070351243
0.931623161
1.044615746
1.158454061
0.928409457
1.067655444
0.990827799
0.977986336
1.026167989
1.115050316
0.945621192
0.887772262
0.96735388
0.92127496
1.030528903
1.051365376
0.936684847
0.851251364
1.09643209
1.014351249
0.966203988
1.016021371
0.977931559
1.035737991
0.891911149
0.942681134
0.964439034
0.998383701
1.004797816
0.875306547
0.941058159
0.986245632
0.936517954
1.192421317
1.015033364
1.060762644
1.128172517
1.123135805
1.114562392
1.018903732
0.994856119
0.858774602
1.034902334
1.048043251
0.955310941
1.004972816
0.982716262
1.031835198
1.009839058
1.014056683
0.936405718
0.927159548
1.067511797
0.922235548
0.935525894
1.123513103
1.07077527
1.060980797
0.980739355
0.952418029
0.982522488
1.027314186
0.982864141
0.966550946
1.074379325
1.010172486
0.903377056
1.055655003
0.922320604
0.892003298
1.044389009
1.098558307
1.035084963
1.031212926
0.96520406
0.923656046
1.00945282
0.901947141
1.059100986
0.982372046
0.991175294
0.899999857
0.971409023
0.879050374
0.871475637
0.915473521
0.907663226
0.995624721
0.840246022
0.865178466
0.791816473
0.86353451
1.110813618
0.892144978
1.012935638
1.022893906
0.932108998
0.962981701
0.947098732
0.974732339
0.87860626
0.926433563
1.016912937
0.945713162
0.904109657
0.843993664
0.973016977
1.12324512
1.040618777
1.002271175
0.979304552
0.946697414
0.901750624
0.932467163
0.937467456
1.048065662
0.96525526
1.083755851
1.045233369
0.961225212
1.098965645
1.204573393
0.90178287
1.036928654
1.022762537
0.962330401
1.013216376
1.067492723
0.93908757
0.890955567
0.964598775
0.901649654
1.007278681
1.053569198
0.963019848
0.865816236
1.11323154
1.000187397
0.979694724
0.999368727
1.006704092
1.028866649
0.895623982
0.918391526
0.978303432
1.046420336
0.993020177
0.884856403
0.960641146
1.010467649
0.90195936
1.156449676
1.026759028
1.057762384
1.146185517
1.063238502
1.111111641
0.994580328
0.986076891
0.878249705
1.00885129
1.026236057
0.976336241
1.013975263
0.944728076
1.037452698
1.026489258
1.030627251
0.957965314
0.939738214
1.079347491
0.911924839
0.970023155
1.092181563
1.070272565
1.082850695
0.969351649
0.93319732
1.022975564
1.01021862
0.96465981
0.969898164
1.061374187
1.027776241
0.910993099
1.05365932
0.94752723
0.882102609
1.043021202
1.065966249
1.037285566
1.028362989
0.930921137
0.941294968
1.030014515
0.85738939
1.034527898
1.00717175
0.984125972
0.872355521
0.99316138
0.909346521
0.915528357
0.936905205
0.928345561
0.996294558
0.834955812
0.859963477
0.775713682
0.85822916
1.10840404
0.91144681
1.053067684
1.045782208
0.912473083
0.946545243
0.975067496
1.011720538
0.878713071
0.916196525
0.982196987
0.934570313
0.932344317
0.877378464
0.986505806
1.120501995
1.01826787
1.048347116
0.990738988
0.954235494
0.880543828
0.918217778
0.959150016
1.01098907
0.918241084
1.085495114
1.066250563
0.94694525
1.063500047
1.165076256
0.916033268
1.047893524
1.01040566
1.00746119
0.976133466
1.122294188
0.95356375
0.871376157
0.960248232
0.880408287
1.03912878
1.075709224
0.899640262
0.873704135
1.079010129
1.00946188
0.953959644
0.974252462
0.943400681
1.048344374
0.877571106
0.911997378
0.993606508
1.034920454
1.019909382
0.857708097
0.96303916
1.01062274
0.924512327
1.158797503
1.012245178
1.026335359
1.131246328
1.079016805
1.115459561
0.96370846
0.981567264
0.890587866
0.995827317
1.051870227
0.987159431
0.991283655
0.93816179
1.062535524
1.014355779
0.998231351
0.975993097
0.927700281
1.081294298
0.930662155
0.964202285
1.100678444
1.072327733
1.109319568
0.937025547
0.98567754
0.978876591
1.021930933
1.019566774
0.980568349
1.029075384
1.035273194
0.917232931
1.048610806
0.905473113
0.853659689
1.01341939
1.07825768
1.008808732
1.029265404
0.928967655
0.91604507
1.062118888
0.877544701
1.079773903
0.974023342
0.975673556
0.893744171
0.96541667
0.861879706
0.882045567
0.942867637
0.954444349
0.983032584
0.860561013
0.899110973
0.781494021
0.850999773
1.149951339
0.911160707
1.017386913
1.048808813
0.910068691
0.952101886
0.989704788
0.993922234
0.891276419
0.929889441
1.000119686
0.948400676
0.921886265
0.838165343
1.03014338
1.063852191
1.051898122
1.02966857
0.952220976
0.928890586
0.911547422
0.914246202
0.933772385
1.010320306
0.976851106
1.044509172
1.065337777
0.940734029
1.040398002
1.171565652
0.935949385
1.021113396
1.008361936
0.983415246
1.037005305
1.073350668
0.934128821
0.865882695
0.987403154
0.89643085
1.019919515
1.068763018
0.949736595
0.852581143
1.067101479
0.976523459
0.962266922
1.042756557
0.968934417
1.023396969
0.902865648
0.909211874
0.97507292
1.02082181
1.011960983
0.87352401
0.934472919
1.021106243
0.933220387
1.190831542
1.01223433
1.058655262
1.12571466
1.045293331
1.109372973
0.981838286
0.991984725
0.861983597
0.972967625
1.023183703
0.972661972
0.977842212
0.978490531
1.015387893
1.050337434
1.001832485
0.922822595
0.914591312
1.041763544
0.94339931
0.953432441
1.111853719
1.034301519
1.099967718
0.970101833
0.924913466
0.985340893
1.030056
0.994051576
1.025280714
1.055400491
1.018644691
0.867563784
1.040502787
0.898421526
0.885415912
1.033165812
1.061881304
1.044310093
1.06330049
0.964361072
0.912586987
1.026951075
0.914687634
1.039422274
0.987635553
0.987631142
0.928196847
0.959579825
0.887480319
0.901673317
0.92728889
0.955778658
0.980646193
0.842398107
0.873609424
0.794816375
0.855791092
1.075063109
0.877386749
1.021651387
1.043344855
0.917037487
0.964659333
0.978252709
1.003825068
0.912792385
0.930227578
0.980751157
0.930225253
0.9465065
0.862463117
0.987108767
1.112946391
1.007083774
1.015392184
0.974024236
0.937548041
0.882143855
0.929849565
0.941009998
1.00658834
0.939102232
1.045599818
1.029507637
0.932858527
1.070413947
1.173794985
0.938872874
1.023376465
0.97837162
1.00063467
1.044549108
1.083851933
0.944696784
0.862561464
0.954830766
0.897782505
0.99404484
1.063845515
0.950312734
0.860122383
1.067622662
0.990577638
0.956874907
1.010003686
0.973346353
1.017580628
0.904488206
0.926596522
0.970882416
1.036291599
1.014074802
0.871757865
0.935836375
0.9759956
0.903098285
1.153943181
1.020970464
1.028015018
1.099300027
1.080490708
1.084324718
0.975955904
0.978534818
0.82586956
1.032343149
1.065116286
0.979016602
0.994801223
0.978747547
1.03438127
1.051112652
1.00707674
0.943916798
0.911121845
1.053205729
0.909537613
0.967390299
1.083755612
1.076637626
1.122291565
0.957140982
0.96749121
0.987316847
1.029805422
0.991048157
0.994128466
1.05513382
1.006499767
0.898337305
1.029650688
0.900803983
0.867406905
1.010676503
1.06717968
1.002294898
1.046312928
0.929076731
0.911445856
1.036390185
0.905028701
1.026882172
0.959722817
0.987591207
0.913999796
0.943435907
0.872414112
0.903568327
0.909809351
0.938160658
0.99446857
0.82419771
0.865076005
0.791596651
0.830743909
1.148124814
0.891894817
1.080895901
1.060884356
0.88412565
1.000806212
0.968583703
1.013557076
0.906389713
0.913776994
0.970710337
0.908386469
0.921865404
0.873972178
1.018681526
1.0920614
1.003846407
1.025896668
0.981230915
0.971372843
0.91355288
0.92284447
0.927308202
1.000106931
0.959622025
1.037186265
1.060695052
0.978312671
1.031921148
1.196191311
0.92355454
1.045021653
1.008883953
0.984016955
1.004015207
1.119077325
0.946682692
0.875136435
0.957628369
0.896368265
1.013778567
1.060035586
0.938779056
0.872686327
1.049355745
1.00216651
0.945895672
0.971598089
0.929390609
1.020983458
0.900226951
0.936699688
0.985320091
1.017910361
0.980444014
0.905742228
0.939178765
1.021242976
0.932666004
1.152775407
1.043051004
1.043617487
1.140615463
1.046998858
1.053453326
0.976216137
1.011133313
0.87260282
0.99094826
1.032204986
0.960393906
1.009851575
1.000374317
0.98725611
1.007211447
1.026771188
0.979672253
0.926081896
1.043699503
0.927083313
0.951041937
1.080709934
1.043655515
1.073361278
0.991119266
0.960805774
0.998999119
1.021517158
0.958654046
0.980507374
1.029331326
1.030303836
0.900046349
1.079195023
0.917876542
0.865103841
1.020221472
1.091755271
1.022045016
1.045317411
0.928100705
0.906719208
1.020189762
0.889488637
1.050668716
0.943400621
0.985957026
0.896930575
0.956832469
0.896450341
0.918376982
0.887341619
0.947381079
1.021079183
0.841581702
0.871066272
0.777694523
0.847050011
1.08590281
0.903091013
1.036172152
1.037189007
0.921441197
0.957872331
0.970703542
0.994001806
0.898382306
0.897758722
1.007318616
0.939344347
0.929028094
0.898342133
0.982487917
1.109740376
1.018123269
1.013899326
0.985543489
0.921468437
0.891612232
0.947076023
0.954156339
1.0079813
0.946023107
1.055330753
1.046643496
0.943461001
1.08569634
1.166369677
0.908449888
1.018616319
0.998694837
0.975873232
0.994572461
1.112508297
0.933296442
0.868373632
0.982825994
0.90210247
1.021881819
1.051478744
0.913256884
0.841941476
1.11295712
0.960739315
0.967389047
0.985420763
0.967225254
0.999043286
0.898807466
0.90309906
0.966276467
1.02974236
1.02083993
0.89346385
0.97585845
0.988738477
0.924156129
1.159229279
1.003486633
1.027506948
1.115634918
1.07499373
1.088972449
0.9812904
0.975812197
0.894185007
0.98627454
1.029525876
0.926470995
1.018595219
0.953508854
0.997214735
0.994316459
1.032339096
0.924728215
0.937468171
1.053426147
0.931844473
0.979348779
1.078945518
1.065926194
1.08237958
0.970207572
0.947622359
1.010449052
1.030589819
0.958758891
0.966478527
1.0779351
1.020506859
0.866861224
1.075099945
0.917696297
0.886839807
1.026301265
1.055151582
1.031377792
1.04142952
0.945452213
0.946893454
1.031669021
0.872455776
1.063326836
0.993042231
0.985693753
0.898515403
0.970947146
0.912753403
0.915717542
0.899671614
0.919585586
1.00799346
0.839030683
0.859118164
0.785816252
0.861784756
1.108909965
0.908454537
1.059064388
1.090399623
0.882855535
0.957224607
0.966640294
1.001365662
0.889606953
0.91475606
0.996505499
0.949900389
0.905061066
0.877018273
0.970551372
1.083645821
0.996876597
1.020344734
0.966246486
0.952263355
0.912411094
0.913926065
0.937245369
1.010899067
0.937898099
1.000388384
1.087999701
0.935651004
1.058635354
1.169266462
0.889245093
1.024242163
0.984945416
0.968259871
1.035959005
1.096341014
0.944494009
0.869016349
0.944253623
0.906976521
0.990206599
1.036634445
0.912911236
0.852412999
1.102432132
0.978098929
0.943832278
0.994262636
0.99095571
1.033508778
0.912899792
0.935066223
0.967883289
1.021688581
1.061079025
0.855970919
0.956984878
0.966606498
0.955201268
1.135202527
0.992571115
1.074887276
1.09357059
1.072388768
1.1088202
0.994768441
0.982106447
0.849115789
0.995542467
1.050438881
0.966493189
1.032768846
0.956372499
1.015126586
1.050387502
1.01246655
0.968861818
0.908436477
1.054363847
0.930566907
0.957774341
1.098455071
1.086141109
1.057628632
0.977448285
0.943787038
1.022776484
1.07663095
0.972492576
0.954696596
1.015552878
1.000676394
0.883996308
1.04686749
0.884424567
0.894799709
0.995387435
1.033252001
1.014020801
1.023832083
0.964230776
0.885304272
1.019759417
0.888328969
1.040181994
0.989218533
0.972607613
0.886314988
0.952208579
0.909029186
0.908781767
0.899943054
0.961264193
1.000144482
0.820037901
0.842295349
0.789790869
0.871692955
1.127691388
0.90149343
1.010034084
1.046213031
0.905887485
0.973594964
0.97268641
0.999686539
0.887944579
0.958097935
0.963477194
0.910234571
0.920865774
0.866958857
0.992404401
1.055594921
0.989202321
1.036084771
0.994171381
0.94063282
0.882420242
0.91983211
0.930248559
0.993086934
0.940604031
1.033602715
1.071380377
0.938074589
1.049901843
1.168865561
0.923655152
1.026242971
0.992688537
0.981285989
0.988996208
1.085373521
0.945958316
0.856306255
0.982917607
0.896832466
1.023325086
1.032967567
0.927362382
0.882654369
1.102271318
0.978487194
0.940308273
1.010645151
0.990304768
1.037354112
0.895878434
0.944225073
1.000498056
1.045714736
1.004210234
0.87731111
0.928915143
1.013738036
0.927404225
1.169664502
1.029293299
1.035932302
1.122097611
1.085997581
1.08688426
0.990406573
0.982125163
0.847875953
0.977642417
1.022315979
0.965171814
1.004111886
0.943674266
1.037227035
1.028168321
1.00368917
0.991358459
0.957759798
1.05439949
0.936603904
0.972571671
1.06408608
1.053517222
1.089801431
0.989714801
0.953647792
0.985418856
1.020917892
0.970506132
0.978852153
1.063192606
1.041631937
0.895758688
1.028143406
0.911631942
0.871344745
1.029675961
1.049918294
1.016069889
1.069799542
0.946032226
0.928574026
1.005705833
0.862692058
1.054100752
0.987598479
0.994732976
0.897286952
0.998851597
0.914629221
0.879729331
0.920259893
0.932056665
0.981784046
0.84770149
0.841374338
0.798110723
0.848183572
1.092145801
0.882758915
1.010891318
1.050507665
0.916558087
0.968068659
1.001025915
1.012851596
0.903957784
0.921058297
0.981389344
0.909309149
0.940928936
0.8815431
0.995381951
1.105726719
0.997175336
1.029776335
0.970561683
0.959966719
0.889802217
0.915053904
0.947464168
1.003581285
0.931784928
1.060614586
1.034465909
0.953467965
1.052890539
1.199018002
0.927108407
1.033532739
1.005311012
0.976601601
1.0269804
1.103601217
0.970687985
0.833010375
0.945903659
0.911516845