2.32534647
2.34725523
2.299405575
2.310287952
2.328237534
2.341652155
2.315347672
2.289842844
2.296666145
2.321267128
2.272775173
2.27337575
2.248906612
2.240095139
2.27590704
2.301860809
2.269168377
2.250557661
2.226738214
2.247275829
2.256404638
2.194065809
2.181007147
2.169123173
2.227380514
2.21881485
2.191087246
2.232598543
2.173035622
2.128101587
2.182023525
2.127964258
2.109603643
2.118765593
2.116964102
2.07432127
2.072918653
2.068932772
2.105185747
2.084038973
2.062256813
2.045120239
1.987108469
2.043384075
2.018448353
1.992110014
1.984049082
2.00100112
1.974733114
1.964229226
1.913267136
1.941494107
1.960576177
1.98229444
1.905802488
1.898059249
1.920956254
1.891100645
1.982339859
1.906015277
1.909421444
1.938395143
1.934050441
1.926551461
1.888326645
1.85346961
1.84111464
1.810672164
1.880465388
1.869600177
1.813469768
1.851405978
1.855618358
1.837862372
1.830213308
1.814687848
1.768388629
1.823345184
1.776599288
1.799033046
1.805014491
1.826440096
1.823633075
1.716006756
1.705476403
1.771417856
1.789545178
1.752573371
1.76465559
1.766421318
1.714421749
1.632238507
1.755370378
1.695156217
1.673916221
1.767963052
1.744470835
1.762444139
1.745546818
1.697121739
1.710754275
1.680532575
1.614560723
1.68081212
1.668258905
1.629702568
1.611910582
1.635105133
1.627998829
1.592220187
1.663589358
1.588150859
1.618629456
1.555104136
1.536818981
1.395229101
1.514319301
1.659440875
1.477580309
1.630845547
1.576868296
1.529605269
1.560252666
1.506904006
1.495290518
1.472800016
1.512423158
1.581874251
1.4731884
1.525677085
1.504347205
1.553832531
1.602653384
1.58726263
1.568707228
1.553621888
1.497315884
1.454614282
1.478080392
1.44851625
1.539544702
1.488609314
1.562586427
1.595111132
1.500761271
1.536257625
1.630905271
1.441180825
1.531460047
1.482385397
1.485289931
1.507342577
1.582594037
1.43772316
1.405594945
1.496778011
1.430283189
1.534304261
1.460582972
1.443344355
1.376531601
1.535237074
1.480453849
1.395381689
1.492836356
1.479052544
1.424733639
1.427492738
1.366673112
1.429522872
1.45440495
1.492211938
1.332537651
1.424200416
1.399892449
1.352807641
1.51554358
1.418099284
1.429281235
1.502868176
1.457437992
1.488582134
1.401085854
1.372654557
1.348362446
1.346831083
1.414922714
1.389645576
1.342277765
1.40297246
1.413763523
1.397029519
1.377970934
1.310750842
1.348592401
1.433151603
1.375807524
1.406252027
1.476037264
1.461668372
1.450550914
1.369297981
1.345450401
1.361699104
1.391244054
1.360810161
1.382811666
1.38642931
1.341822386
1.281021714
1.390837908
1.309944749
1.284110427
1.370601177
1.416606784
1.404488444
1.383441329
1.329337478
1.283601999
1.339643717
1.200953722
1.386343718
1.301093102
1.322595954
1.239729404
1.289029837
1.270108819
1.272593617
1.305286765
1.293244839
1.311165094
1.192348361
1.229840398
1.095296144
1.190426111
1.531419396
1.235373855
1.3575387
1.377204418
1.206737638
1.262385607
1.200803041
1.261798978
1.229184628
1.235179424
1.315773249
1.210426927
1.231968045
1.205948949
1.337305427
1.384549379
1.329604268
1.286236048
1.245541453
1.210691214
1.222358227
1.23413825
1.255916595
1.262777448
1.248666763
1.331931353
1.346312284
1.213765144
1.336646438
1.374348998
1.18904078
1.35250628
1.294054151
1.292859435
1.266432762
1.422912359
1.21716249
1.161238551
1.273232937
1.176199794
1.271963477
1.24838078
1.176089525
1.131130815
1.268247604
1.21604073
1.22639358
1.25719893
1.253527045
1.268881559
1.202834129
1.15691781
1.250381708
1.204913735
1.252569318
1.140359521
1.219788194
1.228139639
1.165449262
1.364904523
1.225153804
1.274597645
1.352056146
1.323490262
1.350265622
1.230012894
1.195372105
1.148252487
1.172406912
1.275032163
1.206834555
1.178216696
1.214654446
1.188598394
1.257446408
1.216417313
1.132647753
1.152503848
1.309941292
1.121848345
1.206092834
1.31721127
1.315226793
1.311111093
1.188769817
1.170454502
1.226922512
1.238407254
1.211166143
1.166755199
1.241753101
1.157878041
1.108116388
1.235684156
1.146224022
1.080243945
1.245221853
1.255141973
1.239200115
1.206537366
1.153884768
1.076307654
1.237362623
1.05593276
1.228298903
1.135164499
1.139193654
1.090021372
1.209097743
1.139618039
1.118535757
1.125707865
1.138940215
1.16510725
1.037472248
1.077138186
0.967584133
1.068075299
1.334829807
1.074961305
1.263002515
1.224588394
1.054163814
1.08974576
1.096797943
1.111710787
1.069766641
1.082571507
1.14885962
1.095974922
1.089478254
1.074844718
1.168032289
1.232720733
1.192787647
1.192175508
1.118150234
1.097763062
1.089324236
1.072581768
1.096188307
1.154954433
1.113692164
1.233471274
1.225594521
1.101235032
1.247841597
1.255694509
1.074035525
1.207394838
1.128786206
1.124614596
1.160622954
1.254351735
1.02442801
1.064361691
1.165030003
1.030606389
1.139503002
1.13529253
1.05083096
0.998310626
1.174796462
1.103454828
1.101303458
1.144841433
1.121212363
1.145698786
1.097357035
1.014688253
1.17403245
1.099940419
1.113777518
1.030193567
1.094151735
1.140117407
1.037572384
1.281285763
1.170152426
1.125548124
1.248596191
1.202441096
1.224583149
1.149356604
1.056060672
1.041688442
1.112975359
1.153765321
1.136232257
1.054270148
1.088222027
1.117045522
1.155434012
1.115870953
1.032253981
1.064542651
1.178492904
1.071632624
1.122167945
1.222217441
1.21643877
1.201680541
1.110563517
1.052375078
1.099375129
1.178708196
1.128172278
1.070984006
1.137265444
1.0659585
1.008397341
1.143891811
1.043583751
1.00470078
1.167327166
1.198290229
1.151892543
1.142102122
1.06278646
0.999750853
1.139129043
0.994217932
1.162686706
1.072227597
1.116515279
0.986574233
1.089464188
1.065701485
0.995421648
1.022534132
1.054938793
1.063099146
0.938373387
0.990332544
0.852555513
0.943482518
1.257772207
1.024991512
1.226269484
1.207132816
0.980996788
1.030394435
1.07353878
1.0800035
0.984108686
1.005854607
1.110900283
1.022850752
1.025995731
0.961183965
1.103330493
1.181835294
1.160606742
1.115857005
1.087221742
1.00453949
0.991555691
1.002387524
1.034461737
1.091988683
1.06151855
1.111216187
1.195769668
1.015590429
1.172232509
1.233618498
1.042652369
1.148318529
1.09981668
1.088957787
1.147041559
1.232919693
0.984742522
0.989816487
1.154444575
1.036144614
1.124377847
1.060254335
1.027569652
0.913656175
1.102121234
1.09264946
1.011179924
1.135437369
1.069807768
1.078576803
1.035730839
0.98963362
1.097590327
1.055367112
1.050575137
0.94506532
1.057430387
1.056225181
0.979903162
1.250132442
1.075582981
1.102363348
1.180111647
1.141529918
1.204743385
1.105414391
1.025227666
0.973021209
1.063138723
1.127162576
1.038386703
1.020701885
1.049295425
1.075257778
1.093251586
1.039734483
1.045082808
0.988953531
1.128550529
0.976170063
1.065177441
1.168317556
1.162789583
1.16835165
1.048231006
0.999344707
1.054904342
1.083792567
1.038902044
1.030591249
1.113389134
1.009332657
0.952746809
1.11608243
0.98906517
0.954456806
1.125296354
1.148842335
1.113572836
1.095781446
1.024988651
1.010660172
1.082820177
0.958245695
1.090580702
1.010689974
1.037412405
0.952868104
1.072587609
1.036528468
0.982291043
0.964534879
1.045544147
1.037456155
0.943098783
0.956484795
0.832937062
0.925963461
1.206865907
0.987192452
1.169718981
1.185121179
0.964642406
1.004834414
1.003154278
1.015937567
0.930179298
0.946984053
1.068538547
0.989689171
0.99687171
0.967132628
1.112981439
1.165785193
1.084697127
1.122505665
1.05816412
0.957624018
1.029383421
0.985042393
0.974064887
1.050462484
0.990510702
1.130124807
1.144540668
0.998204529
1.112583518
1.207473516
0.997876287
1.118685484
1.0737257
1.07120347
1.076370239
1.15560925
0.925445199
0.948609889
1.087909698
0.975611627
1.080033541
1.016021848
0.957201123
0.904221594
1.079698682
1.057752252
0.984000146
1.110313177
1.05467999
1.103662252
1.02513957
0.930498123
1.085669398
1.033243775
1.065106988
0.917650044
1.011704087
1.010231137
0.978411019
1.213378429
1.069221735
1.05855
1.166818738
1.145935655
1.129734039
1.09530735
1.014288902
0.923821032
1.065732479
1.10149312
1.045192719
0.987763405
1.005507946
1.038419008
1.089914083
1.06571281
0.97189045
0.985156417
1.122955799
0.960235536
1.044502258
1.142737746
1.104723573
1.139757395
1.024527073
0.971036255
1.016260743
1.09561336
1.026842594
1.022964954
1.089310408
1.026722312
0.930264115
1.102062464
0.980384171
0.880608976
1.091151237
1.088935971
1.075482368
1.043933988
0.994177461
0.918419957
1.066257715
0.926717877
1.081938982
0.956999779
0.99616015
0.890541673
1.039675951
0.948293984
0.924540639
0.984677196
1.017635345
0.997040808
0.916600406
0.933671117
0.802745521
0.885205746
1.197674394
0.93827498
1.123385668
1.12127924
0.954277813
0.990972936
0.99239713
0.989159048
0.927015543
0.941428304
1.036026835
0.978600621
0.973928869
0.913188696
1.096609354
1.148858905
1.049952507
1.116605401
1.000385284
0.909799695
0.97996223
0.935168087
0.931020558
1.047730565
0.97511369
1.092999935
1.144647479
0.930746019
1.105450034
1.170531034
0.918570876
1.073269725
1.052242517
1.031726599
1.066777468
1.142847776
0.948270082
0.899820268
1.04052186
0.951275229
1.05662477
1.023759842
0.936162174
0.867699385
1.043242693
1.028489828
0.960246205
1.087009907
1.010500908
1.059778333
0.976385593
0.90666604
1.003063679
1.022331595
1.008928537
0.908052266
0.987222552
0.987532616
0.959031641
1.198019624
1.023498654
1.05188787
1.131727099
1.135335088
1.127952576
1.037390113
0.991360962
0.928846538
0.981421173
1.043853641
1.034065366
0.93739295
1.022568703
1.030761003
1.025543571
1.000146508
0.95504576
0.99701488
1.148426414
0.966374457
1.020117044
1.127326488
1.107260466
1.123103142
0.999535739
0.951617479
0.991057456
1.090298414
1.012094855
1.000908494
1.115540266
0.976688385
0.882378399
1.051123977
0.962980211
0.89254576
1.049833894
1.116819024
1.052694082
1.041722655
1.006446719
0.916711152
1.046906114
0.911338985
1.044417143
0.966239989
1.020195603
0.907307148
1.000884056
0.945173979
0.919281483
0.950591862
0.967999339
1.040847778
0.854703128
0.891466737
0.75892508
0.865953326
1.192618489
0.938601971
1.12850523
1.116264701
0.92186594
0.950291097
0.954649329
0.976380825
0.913173676
0.900891423
1.019696116
0.919140875
0.949624896
0.917323291
1.016241908
1.107397318
1.070683479
1.045076728
1.013306975
0.914593816
0.982877731
0.93618381
0.949537992
1.023091674
0.996816874
1.111279488
1.116595984
0.971750855
1.080679059
1.163648367
0.951926827
1.062745929
1.044658422
1.011503577
1.014027476
1.16954124
0.888542831
0.914194226
1.045508146
0.938274682
1.029053569
1.007850409
0.921515226
0.851519823
1.070394754
1.040235877
0.94214642
1.045568585
1.012194753
1.025773048
0.94131887
0.932685137
1.058673024
1.028520703
0.990594149
0.900302351
0.999790192
0.999086916
0.930966735
1.189559102
1.026342273
1.027823567
1.115592837
1.084372878
1.160954356
1.041324615
0.94006294
0.881648839
1.018301487
1.070285082
1.021641135
0.948339939
0.9776811
1.038675666
1.035971403
0.990202248
0.944029033
0.936853468
1.084802508
0.955186725
1.009774804
1.090052366
1.118682981
1.096526861
0.958517611
0.952353179
0.983116388
1.077161074
0.964812219
0.99227947
1.052946091
0.947564363
0.894100606
1.058570266
0.991213679
0.873375237
1.027103066
1.077131748
1.027005196
1.078009009
0.998212099
0.911603451
1.032520175
0.875249565
1.045060158
0.982756078
0.983033478
0.934952617
1.001766562
0.915225327
0.935718
0.984372556
0.978241205
0.977728844
0.855953991
0.896970689
0.781569541
0.873454273
1.085858703
0.932878673
1.094438672
1.099712849
0.907168746
0.953410745
0.917429686
0.964630961
0.894751549
0.927512586
1.055475116
0.908376992
0.96020329
0.935724854
1.038734794
1.111479282
1.061975837
1.083953738
1.008498073
0.935422361
0.911250591
0.919539213
0.914067209
1.001257539
0.969545722
1.089200497
1.094157457
0.942804992
1.072717547
1.180050611
0.933249772
1.061276197
1.045323968
0.995810688
1.038226008
1.116367459
0.906504869
0.907371342
1.066080928
0.938193262
1.031300664
0.983837843
0.947939694
0.842979014
1.027476549
1.037016153
0.926264346
1.056134939
1.013575315
1.034796953
0.932720661
0.887316525
0.992184818
0.982042551
0.979546428
0.886566579
0.948066354
0.962691486
0.915588796
1.176892519
1.018582702
1.0160743
1.118164778
1.078862548
1.132707834
1.057684422
0.935001791
0.866801083
1.009470105
1.044494748
1.001004815
0.941396952
0.941286623
1.016423821
1.038471818
0.996400535
0.95728159
0.965780318
1.106601477
0.922062874
0.987150311
1.11992681
1.08385396
1.148261547
0.958184958
0.962979317
0.947517455
1.077622294
0.921712101
0.976793289
1.025370717
0.983490527
0.872004628
1.052583694
0.956584573
0.886439443
0.981147349
1.068334699
1.043605089
1.03713429
0.939586699
0.921733022
1.036231637
0.867244303
1.054843307
0.976803422
0.980325401
0.863924205
1.004248142
0.909900308
0.90755558
0.877452731
0.9450261
0.964373708
0.874186456
0.874695718
0.752152085
0.860911071
1.172825456
0.939926147
1.099100947
1.107456803
0.901032448
0.901123524
0.946313322
0.962255478
0.879955888
0.920292497
1.005920649
0.915528774
0.907334566
0.922385812
1.021141052
1.071438789
1.012354493
1.085677862
0.986161232
0.88217622
0.917517543
0.9194206
0.896988273
0.994907856
0.954166949
1.051334381
1.069384336
0.934302032
1.065146804
1.097363472
0.92648524
1.039687991
1.040300965
0.982456982
1.021474481
1.100734353
0.907634079
0.934137225
1.025834441
0.900688827
1.060499191
1.01351285
0.91497016
0.853312731
1.034746766
1.028207064
0.930551469
1.02045393
1.009023905
1.014756322
0.963405907
0.922023892
1.000378966
0.992914915
0.982417226
0.860632181
0.984797478
1.008422136
0.881658018
1.170890689
1.015768409
0.985148311
1.103971481
1.070038557
1.104905963
0.996080816
0.969014466
0.866589725
1.00082159
1.020978212
0.984293938
0.933386624
0.951788902
1.008063674
1.042946696
0.967364073
0.912183821
0.934097171
1.102296591
0.902067959
0.998080552
1.044042349
1.04924202
1.082543135
0.966843545
0.938682973
0.958216012
1.034388542
0.965588152
0.963841498
1.021689177
0.946216106
0.880629122
1.01382184
0.933483958
0.867478967
1.032126665
1.078372478
0.99208957
1.04339993
0.926085055
0.912771642
1.024036765
0.860467732
1.01137042
0.929887831
0.976496696
0.85712713
0.998884857
0.940566719
0.878257275
0.926334083
0.941021264
1.001640439
0.861529469
0.874390841
0.764239848
0.86570698
1.208818793
0.912153125
1.088978887
1.099257469
0.87518096
0.922260284
0.950162828
0.978946507
0.865602553
0.913392127
1.008648992
0.929154217
0.946864963
0.850234747
0.996012986
1.062012792
1.025913596
1.043033957
0.965308547
0.871064663
0.886803269
0.899867892
0.922163486
1.001929879
0.967531621
1.054562569
1.093022227
0.930488527
1.064274788
1.158812165
0.93300575
1.021461964
1.028111219
0.974368095
1.009383321
1.131314039
0.903948426
0.875990927
0.991203368
0.91532743
0.999929786
0.981826067
0.904363573
0.821259797
1.045685887
1.038583636
0.919458747
1.010920644
0.981199563
1.018267512
0.898978889
0.898724854
0.980055392
1.007881761
1.006800652
0.856437445
0.962920427
0.972015262
0.929999948
1.145629406
1.065171123
0.971900046
1.117115855
1.067823052
1.099348664
1.004901767
0.946993351
0.885526597
0.987172425
1.040142298
0.966994107
0.931084991
0.955564618
0.983477354
0.99326247
0.972665668
0.91786623
0.963082075
1.104886055
0.894146919
0.989660203
1.095949173
1.043470144
1.113496184
0.984144688
0.913016975
0.937313199
1.026668429
0.968558908
0.955817699
1.025880694
0.946141243
0.885120511
1.005744338
0.924478054
0.882574916
1.064226866
1.027246237
1.002659678
1.012459159
0.945052624
0.879795313
1.013878107
0.873123646
1.024564028
0.931494534
0.979360521
0.879518211
0.952493548
0.923716664
0.898590505
0.9026227
0.935741544
0.980873942
0.836688817
0.886324584
0.74191159
0.826506495
1.099894643
0.901203811
1.0444417
1.053418756
0.904546559
0.908127844
0.914032936
0.949676514
0.887979329
0.906726122
0.978945494
0.939154863
0.923555195
0.868194163
0.9894526
1.096664071
1.017393947
1.073881388
1.004806519
0.895286322
0.92462033
0.911926746
0.946366489
1.000681043
0.948798716
1.058305264
1.067889929
0.934010029
1.062362075
1.144064188
0.90166539
1.059597492
1.020015121
0.964080751
1.026052117
1.093126535
0.883182526
0.855041742
1.005449653
0.936829448
1.02999258
0.959107935
0.915318727
0.851197004
1.011691093
0.996368289
0.921754479
0.983600438
1.012393355
1.001371622
0.925839126
0.890082359
0.984437346
0.960193694
0.980203986
0.824876606
0.974000812
0.964386463
0.937358677
1.186850309
0.9847489
0.975060999
1.074965119
1.05528295
1.115635991
1.003881574
0.951271117
0.857413113
0.983356833
1.030652404
0.952170312
0.909870088
0.977481842
0.964044988
1.032470584
0.981978178
0.90965718
0.910535097
1.07476747
0.879986167
0.949823856
1.074039698
1.08649075
1.071162701
0.967255533
0.936054349
0.936755061
1.056184888
0.915654838
0.952180564
1.001497507
0.946669817
0.888865888
1.067748785
0.934702337
0.893429339
1.034358144
1.076909423
1.010435939
1.000949264
0.961635947
0.926441967
1.012503505
0.840995908
1.044234037
0.926070511
0.942185462
0.853939533
0.968074739
0.896763742
0.866128802
0.891833186
0.919108152
0.97389394
0.838513672
0.859294534
0.74369657
0.827641547
1.169298887
0.902467489
1.082098246
1.085902452
0.913838744
0.947782755
0.908842623
0.962928295
0.873434901
0.879913032
1.010308146
0.925077558
0.897115827
0.87012285
0.963445902
1.08216536
1.022684693
1.059737563
0.946690738
0.880955637
0.916986644
0.888401985
0.924823284
0.974822164
0.961335063
1.075857878
1.108115792
0.914749622
1.075957894
1.125165701
0.893080652
1.025266171
1.022732615
0.986200273
0.990407407
1.098021746
0.867908776
0.864196718
0.99863261
0.891822636
0.989189863
0.98268491
0.902064323
0.770757377
1.065918326
1.005919218
0.921289802
1.020945191
0.995551229
0.996246219
0.898759723
0.879213393
1.011162281
0.970561922
0.976961792
0.878409684
0.951880693
0.94801414
0.895046055
1.196661472
1.027885675
0.984120369
1.086390376
1.043932676
1.11640954
1.029845476
0.912743151
0.859328806
0.985292315
1.018729925
0.948939741
0.933805823
0.995668709
0.98848331
1.010833263
0.976215363
0.927883565
0.925397098
1.065904498
0.905934095
0.954936445
1.071604371
1.024083138
1.044710994
0.963827252
0.883336663
0.975982904
1.012360334
0.964505374
0.960959494
1.026534796
0.936451793
0.887163639
1.021926284
0.943816245
0.869944334
1.010608673
1.08612299
0.980950773
1.013418555
0.901824296
0.875349581
1.022539616
0.864213884
1.042135239
0.922305584
0.984574556
0.84601301
0.972286105
0.904833138
0.884075522
0.947721303
0.942991257
0.968091249
0.833271027
0.856484115
0.745537698
0.825607777
1.084211469
0.896028757
1.089301348
1.063413024
0.897727251
0.921822548
0.923325837
0.917491913
0.863292158
0.894091964
1.006442666
0.919208586
0.941964447
0.86587882
1.008856654
1.064523816
1.006571651
1.038828015
1.015968204
0.859566331
0.927965403
0.940513432
0.928855777
0.9781968
0.939115882
1.047669649
1.062531114
0.939691544
1.053732872
1.104525805
0.881644368
1.03932476
1.009130478
1.001827359
1.005703211
1.079667926
0.878712833
0.85699898
1.023139477
0.876134932
1.017887592
0.95686239
0.9062801
0.797899425
1.046934962
0.985027552
0.908923626
1.031116843
0.969210565
0.987736225
0.935557723
0.889542043
0.967886329
0.96046567
0.987876713
0.83581984
0.947338164
0.984885573
0.883405685
1.154581785
0.993799567
0.950643301
1.067105293
1.07077384
1.068139672
1.018783212
0.933534801
0.876227021
1.004849553
1.002506614
0.989703655
0.8623721
0.973346412
1.008397579
0.997856259
0.950502038
0.907806814
0.934557557
1.062179804
0.906437635
0.980382204
1.071633577
1.062377095
1.101095676
0.964592278
0.951991916
0.924686134
1.002680182
0.932711244
0.954895198
1.053014994
0.950557947
0.884494305
1.02721405
0.927794456
0.829775631
1.041636229
1.075761676
0.999401569
1.033831239
0.955455899
0.917527378
1.029279709
0.858605623
1.054246664
0.904304624
0.953243136
0.847855866
0.99419421
0.880293489
0.878234446
0.919274747
0.928556383
0.989435911
0.874253273
0.882402956
0.755873144
0.82890594
1.201763749
0.890641212
1.064339519
1.07000041
0.904952884
0.901206613
0.919453681
0.929463744
0.853374779
0.91572535
0.991239667
0.929965556
0.924511075
0.879409254
1.004757285
1.084764481
1.015124083
1.050835013
0.980389774
0.881081462
0.911989808
0.904482663
0.914467633
0.980751812
0.938569307
1.060967207
1.064814806
0.94418633
1.057798505
1.109231591
0.930445969
1.021246076
0.98669517
1.020624042
1.037081242
1.092507601
0.852397799
0.865895689
0.986061215
0.919519186
0.979310036
0.985849619
0.897138298
0.836511731
1.039719343
0.987625599
0.898139715
1.026311278
0.970361531
1.009947896
0.907021821
0.866529703
0.988984048
0.979371548
0.999404728
0.862906337
0.906952202
0.952392697
0.879833341
1.181649566
0.998423934
0.977622986
1.10149014
1.033644199
1.089792728
1.000612497
0.953877985
0.824077845
0.94796741
0.996452391
0.967990458
0.930172205
0.953590214
0.99606359
1.027890325
0.954945266
0.900371969
0.942290306
1.072569609
0.903055489
0.988397717
1.074776888
1.014724851
1.097689271
0.945776165
0.918728471
0.971147418
1.031999469
0.951695085
0.970187783
1.004826784
0.94299072
0.845904648
1.04962492
0.932944179
0.853012681
1.009312987
1.051151872
1.02608633
1.014222622
0.927723527
0.910681665
1.050801158
0.847265542
1.036593437
0.902769446
0.966035903
0.871555924
0.967871606
0.911531508
0.903455794
0.920270145
0.949613035
0.973544538
0.840790689
0.87967217
0.749063849
0.825328708
1.079138756
0.903713226
1.04925561
1.09430933
0.892518282
0.929065943
0.954290628
0.964090884
0.881962717
0.893455923
0.987159669
0.901341081
0.934839487
0.861068428
0.976940215
1.052655458
1.018045306
1.045434475
0.97363162
0.84580785
0.939117193
0.92298013
0.918573737
0.974183381
0.95433104
1.018610001
1.089580536
0.900740564
1.050461769
1.111019373
0.952562749
1.016597748
0.974049568
0.987846613
1.032888651
1.124800801
0.871093988
0.870771646
0.989920199
0.914379895
0.96709162
0.977800071
0.872561336
0.84611249
1.044462919
0.981939316
0.93129611
1.014700651
0.971768677
0.978743672
0.917908013
0.900503755
0.967280746
0.988881052
0.987630367
0.822079897
0.964648128
0.958878398
0.87916702
1.14415741
1.032469749
0.98040545
1.072085977
1.055186868
1.079365849
1.006659746
0.933511674
0.849712074
0.950180233
1.035751939
0.993390143
0.929829776
0.967324257
0.975574434
1.013644934
0.98134321
0.924716175
0.897212505
1.066608191
0.89140296
0.986772895
1.059349775
1.042895913
1.112439752
0.950411141
0.909318566
0.938431025
1.01033318
0.957242846
0.93596983
1.032049417
0.93080771
0.884381592
1.023146987
0.968021035
0.836356342
1.041631341
1.061003327
1.005185843
1.004308105
0.919893026
0.899132013
1.012081265
0.846438527
1.043316245
0.907286882
0.955648661
0.863452673
0.966876268
0.924923658
0.859165668
0.891489744
0.929208279
0.967036664
0.805971682
0.862671256
0.759586036
0.82512033
1.124149084
0.876500845
1.066242099
1.083453536
0.875350535
0.920307338
0.935107648
0.948184848
0.876059473
0.871803522
0.998101056
0.920586407
0.902829051
0.893178284
0.971405745
1.065532327
1.00706172
1.055925131
0.948626995
0.8847422
0.903903186
0.898128688
0.929010868
0.980300605
0.969966471
1.056682825
1.055205703
0.92064923
1.086389422
1.134305596
0.926745832
1.047691584
0.972516835
0.974933088
0.97686255
1.081837654
0.874322712
0.881053627
0.987647414
0.900757074
0.987235427
0.973339438
0.909401059
0.808208764
1.034875751
0.974098682
0.905044913
0.998817563
0.968565404
0.925076485
0.907378078
0.870479286
0.973345637
0.950069785
0.965200543
0.893351376
0.929322481
0.939664841
0.86409688
1.150565743
1.010475516
1.003872871
1.101607203
1.047710538
1.106104732
1.038993478
0.915163755
0.872152686
0.968328059
1.025649071
0.963682294
0.897645235
0.965647995
0.98729825
0.994394362
0.968554139
0.920233488
0.932512164
1.073759437
0.885498464
0.942730784
1.075956106
1.049119353
1.080312848
0.963392794
0.926036537
0.938651383
1.021176338
0.938763261
0.922596574
1.047908425
0.950010717
0.870699048
1.00221169
0.912225187
0.862567902
1.030324459
1.057224274
1.038064122
0.970222354
0.955644786
0.884465694
0.981418908
0.847726107
1.020204544
0.891896784
0.939875305
0.861626148
0.978601992
0.941847324
0.848869622
0.936672866
0.935633302
0.954388976
0.816874266
0.862473786
0.76294899
0.823968232
1.12287271
0.907461226
1.063837051
1.028362393
0.876268029
0.948111176
0.928589582
0.945537329
0.862715542
0.88942486
0.999208212
0.91681391
0.934522927
0.885041356
1.007249713
1.064329863
1.042882204
1.061002612
0.977617145
0.864560366
0.89300549
0.927034914
0.937472522
0.958557665
0.92652595
1.056438088
1.08972168
0.922809184
1.063934326
1.142139554
0.933389306
1.018608928
0.98339051
0.971031368
1.010769486
1.144180536
0.890682042
0.866414785
1.050479174
0.896419585
1.022678971
0.954192519
0.883295238
0.790090382
1.007553935
1.044687748
0.892137229
1.033133984
0.970486581
0.978528261
0.933345854
0.876060307
0.979660034
0.989086092
0.971375287
0.836727202
0.940446913
0.988246441
0.878560483
1.156203866
0.987614274
0.965892017
1.105354905
1.060264349
1.099154949
1.005216241
0.935789645
0.856547117
0.940678895
1.038593292
0.954863489
0.920326233
0.938475966
0.964829326
0.992534399
0.95392096
0.912773967
0.930520356
1.06881547
0.884481072
0.988714814
1.068233252
1.051822424
1.09545505
0.960944712
0.906156421
0.965995729
1.038797617
0.960894644
0.943629384
1.020029306
0.975419044
0.847776711
1.035998106
0.939270735
0.814716756
1.047861218
1.095622063
1.011068106
0.977479875
0.912918568
0.877871931
0.995849252
0.87338078
1.013198376
0.911104739
0.957908213
0.832823098
0.967461884
0.887273371
0.840426147
0.881516457
0.9400841
0.961593628
0.801937997
0.878586769
0.754104078
0.844018161
1.200122118
0.896486461
1.047094464
1.095257998
0.866647482
0.90036279
0.939433694
0.943425
0.852599323
0.908140838
1.009319067
0.9488132
0.930890322
0.887554884
0.995841801
1.064442992
1.007255673
1.011476874
0.976508319
0.842083097
0.91891253
0.898099244
0.913813353
0.993994594
0.937292278
1.020321369
1.06249547
0.899907589
1.055252194
1.130067706
0.891789734
1.023911238
0.973482251
0.974682152
1.013330936
1.102961183
0.843252242
0.889699221
1.026899815
0.897289515
1.009486318
0.936727285
0.899407923
0.788983345
1.049347639
0.992161989
0.916554868
0.993992925
0.988484919
0.978531003
0.888779759
0.887729943
0.970305085
0.959327936
0.954283416
0.842370629
0.962115943
0.938630819
0.903880894
1.162809372
1.011057615
0.989966869
1.072108746
1.032806277
1.089577436
1.01985085
0.921896875
0.849506438
0.979376137
1.047276735
0.979410231
0.932454884
0.940741599
0.99516052
1.04457593
0.951897562
0.915594637
0.929143131
1.069184899
0.931420565
0.97275275
1.078576803
1.079272866
1.082885861
0.982062221
0.900545478
0.961172044
1.037902474
0.955945313
0.921296597
1.029723763
0.938317597
0.844395936
0.987777293
0.911165297
0.885275245
1.00176549
1.058041573
0.977853417
0.953036845
0.91486609
0.884560108
1.047301054
0.886286259
1.01202786
0.956428647
0.942100823
0.852211475
0.93895787
0.883680999
0.870718062
0.910469115
0.958446324
0.95678252
0.810786605
0.837623179
0.771120787
0.844681799
1.101966977
0.88379699
1.069458008
1.076068401
0.878820837
0.910547733
0.922329247
0.936410964
0.876380146
0.902741551
1.018344045
0.942544103
0.935448647
0.892773747
1.001770616
1.052711844
1.009401083
1.034514666
0.97606343
0.853454113
0.916243434
0.930068493
0.918301463
0.983007193
0.938821733
1.07707274
1.086788893
0.931496739
1.063693404
1.121891975
0.883008242
1.055953026
0.992984831
0.96825552
1.007120609
1.100759268
0.878571808
0.831122696
1.030536056
0.886735976
1.017797112
0.981144667
0.935036659
0.810997903
0.99209708
0.973558068
0.873197556
1.039032221
0.958886981
0.984254062
0.910285175
0.901507676
0.981725693
0.970680416
0.990951359
0.848545074
0.961095273
0.952459037
0.89165169
1.150825739
1.020072579
1.003297687
1.061093688
1.050254583
1.075977564
0.981230021
0.924319446
0.83269316
0.961701334
1.011844039
0.962070465
0.908583403
0.920621514
0.96187067
1.003324151
0.941974521
0.901131868
0.930670679
1.051308274
0.903598249
1.003833771
1.056753635
1.033506751
1.096042395
0.965863109
0.935971797
0.933313012
1.062779665
0.951895475