2.32534647
2.236498117
2.209430933
2.174371481
2.188858747
2.222762108
2.197502136
2.218925238
2.183488369
2.215569735
2.199307442
2.200867653
2.154989243
2.179075241
2.224432468
2.21549511
2.190963507
2.201862097
2.18030405
2.185288429
2.194414616
2.197711945
2.191436291
2.164307117
2.201572418
2.197366953
2.192578554
2.194738865
2.21637845
2.16745472
2.195407152
2.193194866
2.166605234
2.184818268
2.197040081
2.177760839
2.149192572
2.191986799
2.174317122
2.206364632
2.184961081
2.196281672
2.154334784
2.192435026
2.180920362
2.177655458
2.169150114
2.187834024
2.191923618
2.164483547
2.174011946
2.150401831
2.152105093
2.192896605
2.16087842
2.165322304
2.16800952
2.132929802
2.191730261
2.177746296
2.168682814
2.193154812
2.182472467
2.177824736
2.178320408
2.154902458
2.159497976
2.136713028
2.131382465
2.17021656
2.158667803
2.153040648
2.148148537
2.167507648
2.168423414
2.151824951
2.149582386
2.159295321
2.155973673
2.162811518
2.18441987
2.16068697
2.165290833
2.141570091
2.146044254
2.145527363
2.165333271
2.134677172
2.122308969
2.167109728
2.127928495
2.128981113
2.15573597
2.136959076
2.098331928
2.148553133
2.141793489
2.14524579
2.132393122
2.148800135
2.124596596
2.136489868
2.114154339
2.148522854
2.130302906
2.150647163
2.098385811
2.13608861
2.104030609
2.114917994
2.127478361
2.119597435
2.124444962
2.113717079
2.102184772
2.075017452
2.106021881
2.159381628
2.091475248
2.103142262
2.076440334
2.045001745
2.068851471
2.087426901
2.054306507
2.037391186
2.049343824
2.061357737
2.027983665
2.035295725
2.0222404
2.04341197
2.095593691
2.049066305
2.037797213
2.046411037
2.022658587
2.02792573
2.064661503
2.047112703
2.04867816
2.032969952
2.078161716
2.068835258
2.04502964
2.073228121
2.111765385
2.029867887
2.057453871
2.061658621
2.029197454
2.047768116
2.083486319
2.054060936
2.012973547
2.067395449
2.03435111
2.069291115
2.059864521
2.048675537
1.999678731
2.064600945
2.047472477
2.066253424
2.042194605
2.053597927
2.046066523
2.040919781
2.038636446
2.036139727
2.027846813
2.065527439
2.031291723
2.017672777
2.052419424
2.006125927
2.069902182
2.042755604
2.038284779
2.075691938
2.049773216
2.045992374
2.022021532
2.033937693
2.015896797
2.016465902
2.023248196
2.026997805
2.029835463
2.03324461
2.039378643
2.042704344
2.032350302
2.034115791
2.032796383
2.042972565
2.003364563
2.023343801
2.049740553
2.078183174
2.042258739
2.016208172
2.026371717
2.027657986
2.059229612
2.012968779
2.005972862
2.035857677
2.001524925
1.986029148
2.041346073
2.019699812
1.96333921
2.014778376
2.043285847
2.025504351
2.022660971
2.023977518
2.006861687
2.025749445
1.980353236
2.042765141
2.015987873
2.018320799
1.979392529
2.015807152
1.979731083
2.013300657
2.006771088
2.012954473
2.013508558
1.997227073
1.985146761
1.948010921
1.96890831
2.112852573
1.964396954
2.013476849
1.995613694
1.940095901
1.985565901
1.9781394
2.004481554
1.954514265
1.94574666
1.964753747
1.944232941
1.93863368
1.946039915
1.961338162
2.018212557
1.957883716
1.953666687
1.955751777
1.922747493
1.935627699
1.950515628
1.945505619
1.97421968
1.942415357
1.989559412
1.984700561
1.971033692
1.994605064
2.036243677
1.951736808
1.988676667
1.972412229
1.944066167
1.977159858
2.000980377
1.968855858
1.921415567
1.977171659
1.953963995
1.987156868
1.963747144
1.969994426
1.927638412
1.992041588
1.943054318
1.962322474
1.959088683
1.970836282
1.95884335
1.936663508
1.948963404
1.956578493
1.950099111
1.978449821
1.921629548
1.947399378
1.963597775
1.905014038
2.009791851
1.970847607
1.964233398
1.99842906
1.980138063
1.995053887
1.957930088
1.956712961
1.931324959
1.912355185
1.962824106
1.936289907
1.947797656
1.951315522
1.961498141
1.961956024
1.936366796
1.934654593
1.948500276
1.941592455
1.934029698
1.95528698
1.996682286
1.990484715
1.956169248
1.919615269
1.937538385
1.949591041
1.974527955
1.938182116
1.921645403
1.975095749
1.93745482
1.913995624
1.972530246
1.946578383
1.896713853
1.963511348
1.96695888
1.966607571
1.942973495
1.945017815
1.909636378
1.949627399
1.906772017
1.955678701
1.937808275
1.958586812
1.904080629
1.93209362
1.92459929
1.932530284
1.918825507
1.916902065
1.94934082
1.922321558
1.901991963
1.843718886
1.877372503
2.038105726
1.874802709
1.953409076
1.92615056
1.875265121
1.900071859
1.92267704
1.921736121
1.887952566
1.897302985
1.898870945
1.87088275
1.873636007
1.872551322
1.909163475
1.951177001
1.89165771
1.896490335
1.900418639
1.870815158
1.866281271
1.891546369
1.871831298
1.906496406
1.905819654
1.936010242
1.933409095
1.903197765
1.941030622
1.973095536
1.884631276
1.917159319
1.917114377
1.887388706
1.919718146
1.942092657
1.901798129
1.863862276
1.906347394
1.892004848
1.928248048
1.905704498
1.911552072
1.857700706
1.934613943
1.884657979
1.905187011
1.90113759
1.912435174
1.926620126
1.88026619
1.884546757
1.90674448
1.885715842
1.914643645
1.876851559
1.870182633
1.92605269
1.830977917
1.968160033
1.921643972
1.902138829
1.970888495
1.935020685
1.957005501
1.890580177
1.887965918
1.869012475
1.877448201
1.917425752
1.907410383
1.89553237
1.883734822
1.914588928
1.907986522
1.904513359
1.891213536
1.884471655
1.905281663
1.86847198
1.872045159
1.925095439
1.940486312
1.905959845
1.873666525
1.89211309
1.897616982
1.920754313
1.890132308
1.879788518
1.923336506
1.866716385
1.85882473
1.926537037
1.887294173
1.835354328
1.920511246
1.913791537
1.909913898
1.884453297
1.899052143
1.907833219
1.915409923
1.854153156
1.916923165
1.890686035
1.907728791
1.85012722
1.890871406
1.865761161
1.872748733
1.871823311
1.897851706
1.896636367
1.866843939
1.85023427
1.773801565
1.834795475
1.981959462
1.812853336
1.915430665
1.897912979
1.819069862
1.855778694
1.868299842
1.880991817
1.825857759
1.837899208
1.852025747
1.832490921
1.827090025
1.823562026
1.864707828
1.929535627
1.86074698
1.857981563
1.861382127
1.83955586
1.838017464
1.844854832
1.855398655
1.864701509
1.85396266
1.902359366
1.890520692
1.86845088
1.903569698
1.923595786
1.843587279
1.879650712
1.869379163
1.857579231
1.874040604
1.910663128
1.857517838
1.833877921
1.863263845
1.841702938
1.882448792
1.866382241
1.853991508
1.811789274
1.900058031
1.862426639
1.87328434
1.866480589
1.864446282
1.884674668
1.826569796
1.846972227
1.877059579
1.850352764
1.875551224
1.828915596
1.823848724
1.867338777
1.798012972
1.92805326
1.880962729
1.872246146
1.940749526
1.889904976
1.912313342
1.861730099
1.849280953
1.835538387
1.842422366
1.877672076
1.848548532
1.849807978
1.850970149
1.868458152
1.882428169
1.857328057
1.845535278
1.851956367
1.873659849
1.837563157
1.86028254
1.905535936
1.92232883
1.879315138
1.853398919
1.849728346
1.865734458
1.911699295
1.85362792
1.838067293
1.884903431
1.83270824
1.812678218
1.879693151
1.852138877
1.802153111
1.875192404
1.884217262
1.885154486
1.864027858
1.861799955
1.848182321
1.864263892
1.808753133
1.890430212
1.840946436
1.876191854
1.805507302
1.838040113
1.832039833
1.852657437
1.827951193
1.853657603
1.85056603
1.828882456
1.830956936
1.75704062
1.806690216
1.950171947
1.781983137
1.895687342
1.864113331
1.801973343
1.825281382
1.838922977
1.83624208
1.818541884
1.817640662
1.836901665
1.818686843
1.806559086
1.796523452
1.841980577
1.900691152
1.833094835
1.827756882
1.841573596
1.8090446
1.812817812
1.809345603
1.811249495
1.851225376
1.82943213
1.875686049
1.869620204
1.823192477
1.876684189
1.91063118
1.82001996
1.868878245
1.845980287
1.831266522
1.863166094
1.880439043
1.831068993
1.778669477
1.848857164
1.831282735
1.867461801
1.827988625
1.822371602
1.796354175
1.874613762
1.844071865
1.833169222
1.839396596
1.837841034
1.838307977
1.816658735
1.815424323
1.849943161
1.825656056
1.858292341
1.808113337
1.808894634
1.854564548
1.771640539
1.914571285
1.856275678
1.851226449
1.896713138
1.872702241
1.897582054
1.819538951
1.82760191
1.812560558
1.818047881
1.859783888
1.825885057
1.828600287
1.815824628
1.851724863
1.863817573
1.851788282
1.843163967
1.828979969
1.848909736
1.812294006
1.818178296
1.887838483
1.87820971
1.846559525
1.815222502
1.841746211
1.845837235
1.871193171
1.83106637
1.809642911
1.862391233
1.825600505
1.784803391
1.866426945
1.809558511
1.754124165
1.857085586
1.878653407
1.866574526
1.834190249
1.826806426
1.814322352
1.852858186
1.799114347
1.855830312
1.816670418
1.849079609
1.78452158
1.831328869
1.796066403
1.82581377
1.795332193
1.820116401
1.846577525
1.796870828
1.802989006
1.736654758
1.772975445
1.940203309
1.741899848
1.883391142
1.84247303
1.786212921
1.816626787
1.829457283
1.861439109
1.803326249
1.797228098
1.803923607
1.806012154
1.796736956
1.771448374
1.83506763
1.893202543
1.810877681
1.819336772
1.814506173
1.788383484
1.789459705
1.811364532
1.789532423
1.835377336
1.812755704
1.858124614
1.847927809
1.826379061
1.873888135
1.898738861
1.800848126
1.848590732
1.834659457
1.828005075
1.83798337
1.879805684
1.798970699
1.778705001
1.822177529
1.797734976
1.849193573
1.813778758
1.819511175
1.775526881
1.862933636
1.820243597
1.828986168
1.832613707
1.835784197
1.833366752
1.798256874
1.799469471
1.832412004
1.808357
1.837715149
1.767285585
1.793415666
1.82598877
1.743624806
1.893615246
1.857449174
1.832116723
1.888797045
1.859722495
1.889408827
1.814103723
1.814341903
1.779132843
1.798708081
1.829564929
1.802563787
1.822518229
1.802944064
1.819999099
1.847360611
1.822788239
1.817697525
1.814417362
1.82205236
1.789533496
1.815349698
1.859396458
1.880168796
1.848584294
1.807931185
1.823740482
1.820417404
1.851112008
1.82099545
1.803558588
1.84364593
1.809864521
1.77411294
1.849469543
1.798683524
1.766574979
1.836995363
1.843209386
1.850185394
1.844969153
1.826874852
1.78547883
1.835985899
1.775146246
1.852353334
1.804529309
1.844862103
1.768264651
1.799010515
1.793494821
1.809362411
1.795640945
1.806512833
1.823339701
1.810517073
1.790192008
1.719824076
1.776650071
1.954212666
1.755342007
1.856340766
1.833770752
1.77739656
1.796825528
1.821460009
1.836096525
1.791621923
1.783173561
1.804880381
1.781798124
1.787846923
1.765830159
1.812527537
1.869212031
1.803485394
1.807273149
1.803576946
1.759986997
1.772116065
1.803326726
1.787878394
1.808615208
1.80009985
1.856415272
1.843109488
1.804287076
1.833729625
1.890673518
1.773312688
1.829282165
1.821857452
1.814801335
1.835540414
1.856839418
1.818683982
1.781079888
1.822987556
1.796917915
1.832879186
1.809935451
1.807452321
1.759493709
1.847322106
1.828027606
1.810554028
1.811948061
1.819533229
1.831445456
1.783896565
1.784840584
1.818459868
1.813316941
1.823036075
1.780336142
1.773134589
1.821593642
1.749634266
1.886941671
1.833932996
1.816874385
1.888990164
1.841441631
1.864635944
1.80921936
1.807741284
1.759591341
1.794369102
1.83012867
1.796610117
1.813943386
1.810263038
1.828965187
1.842942119
1.82435751
1.794802904
1.786041617
1.831703663
1.778442979
1.804673672
1.844283581
1.863715172
1.837513328
1.795756698
1.805454493
1.820539117
1.84480226
1.81361115
1.792122006
1.835218668
1.794092178
1.760783553
1.830499291
1.794097424
1.753109336
1.833055973
1.840928912
1.839897513
1.810318112
1.808351398
1.782339573
1.830494881
1.756632328
1.832074523
1.803099155
1.813502789
1.768298626
1.804772139
1.776156902
1.786265373
1.787449718
1.80279541
1.824389219
1.791543603
1.770524144
1.702385306
1.75480783
1.88047123
1.735755682
1.861021876
1.83137989
1.757850647
1.785061836
1.810325861
1.808427095
1.777785659
1.773105264
1.79166472
1.776441455
1.781202674
1.758473873
1.81457293
1.865769982
1.811279416
1.792572498
1.798140526
1.769687891
1.763471127
1.759354234
1.777705908
1.808743596
1.779070854
1.836946607
1.838428259
1.807308435
1.856424928
1.876621962
1.768770576
1.826212764
1.813768744
1.782824993
1.81270802
1.863197923
1.79644227
1.76831007
1.798745394
1.777814507
1.82324636
1.791746736
1.787168264
1.754401922
1.866410255
1.807274222
1.805988312
1.813687086
1.801294804
1.825199008
1.772126436
1.776046395
1.823684692
1.804319024
1.837269664
1.759087801
1.779041529
1.820403218
1.74129653
1.873244286
1.839219093
1.818994641
1.875150442
1.845255136
1.856811643
1.809518814
1.793334842
1.78121686
1.771358013
1.803889036
1.795205951
1.801601768
1.793817401
1.806923747
1.818536162
1.798976541
1.783987999
1.786491632
1.804034352
1.787406087
1.807119131
1.844370484
1.846522331
1.826200485
1.77726686
1.800770521
1.817662954
1.841464043
1.79735148
1.782013059
1.831442118
1.798248053
1.75142622
1.812360525
1.771888852
1.755387664
1.808744311
1.819908857
1.826313257
1.807623863
1.791720152
1.765532136
1.81932652
1.747382522
1.829133391
1.787371874
1.79927969
1.745862246
1.788970709
1.761371493
1.798145175
1.777643204
1.793133259
1.796331167
1.784236193
1.748895645
1.694293976
1.731624246
1.912644982
1.729443073
1.839515209
1.81501174
1.764330506
1.765506148
1.806946397
1.811889529
1.777926803
1.774980187
1.783880591
1.760837317
1.758606195
1.750056744
1.788812995
1.851209164
1.785382867
1.77790606
1.790394306
1.755322576
1.756029129
1.774396658
1.757158399
1.801937938
1.795395494
1.837398648
1.815675855
1.789753079
1.839210868
1.871620059
1.764269352
1.817394018
1.824302554
1.788085103
1.80766952
1.848358393
1.797085762
1.767057538
1.801593781
1.781675339
1.811754823
1.791343451
1.78415823
1.745788097
1.835739613
1.799135327
1.788542509
1.809008121
1.788826823
1.796354294
1.763053417
1.784819603
1.804446459
1.786789656
1.819023013
1.769169331
1.769467711
1.798332334
1.731992006
1.859035611
1.820075512
1.819464087
1.854696155
1.831969261
1.855030656
1.802713394
1.790584922
1.763064027
1.775325894
1.818854094
1.773152947
1.800532699
1.781971216
1.81100297
1.819691658
1.792953849
1.784347415
1.782257676
1.800968766
1.770275593
1.787243366
1.829002023
1.846334219
1.826527953
1.795686722
1.786631346
1.804240108
1.833389163
1.797876477
1.779908419
1.830067635
1.786934257
1.730929255
1.814243913
1.796416044
1.725568175
1.816434622
1.814832807
1.808428884
1.806988478
1.805299163
1.782824516
1.830210447
1.74630487
1.820338249
1.785855174
1.810152769
1.748904943
1.783680677
1.762213826
1.779441714
1.762893915
1.783868313
1.794488549
1.765746355
1.744277954
1.691780448
1.724524856
1.900509238
1.716181874
1.846452832
1.811720848
1.748579383
1.783318043
1.790499687
1.803209782
1.75169456
1.775255799
1.780385375
1.749446869
1.766840458
1.740218997
1.804755926
1.843680382
1.775063157
1.790726662
1.78823626
1.757998943
1.757980347
1.763908744
1.768694043
1.796185613
1.785910964
1.831978917
1.82246089
1.802307725
1.831759453
1.872286439
1.765314341
1.80420959
1.806425929
1.781654358
1.804803371
1.839155197
1.794585824
1.739824295
1.788136721
1.785031199
1.825010777
1.791508675
1.782442093
1.728579164
1.830729365
1.775584936
1.794535518
1.799002528
1.804139376
1.824466705
1.755010128
1.770221591
1.801864147
1.783026218
1.819940329
1.755691767
1.774279714
1.800565481
1.720833778
1.865301728
1.801719427
1.796771407
1.862178087
1.826870441
1.847693682
1.795465112
1.793305278
1.752446413
1.768624783
1.811960578
1.798894525
1.777701497
1.789426446
1.790125608
1.818202853
1.772772551
1.789381146
1.771598816
1.800729275
1.748974681
1.774763584
1.836181402
1.856984854
1.820897222
1.770183444
1.781341314
1.80078125
1.833069444
1.79752779
1.778672695
1.819747329
1.777127504
1.729709744
1.816237688
1.774394631
1.71735394
1.824497461
1.827190042
1.804796338
1.801405549
1.789179325
1.764449596
1.809702516
1.754088283
1.812784791
1.770262837
1.811353564
1.735794783
1.778216958
1.749803543
1.765173912
1.773433447
1.784449577
1.814318538
1.758531332
1.757432103
1.68735373
1.717024565
1.879523277
1.701082945
1.838590145
1.816413164
1.738274693
1.778664589
1.804303527
1.827606797
1.761416078
1.764824033
1.776034951
1.754649878
1.767878652
1.754009843
1.781770229
1.845108747
1.765122533
1.771033645
1.783041239
1.754795194
1.758606434
1.778464437
1.751914859
1.785280228
1.777496457
1.815114021
1.82450664
1.769291759
1.828584313
1.84546864
1.750241876
1.814252138
1.803705096
1.79014051
1.809648395
1.841910481
1.781096458
1.743629575
1.790112019
1.758429289
1.815784574
1.779668689
1.766993761
1.732654691
1.842097402
1.790342331
1.802098393
1.794053435
1.805848241
1.817042112
1.75274229
1.768951893
1.806031227
1.797037721
1.808586478
1.757080793
1.773935914
1.796353579
1.711871505
1.892156601
1.796003222
1.795645714
1.853983521
1.828074217
1.847892761
1.77080822
1.775409818
1.749591947
1.755345464
1.814242125
1.766858816
1.790298939
1.78250885
1.785620332
1.808236122
1.787749052
1.781307101
1.76494503
1.808371663
1.769417167
1.773000002
1.839488029
1.857365727
1.811659336
1.766450882
1.775430679
1.797106266
1.834067225
1.786095381
1.770444632
1.825371623
1.765400767
1.723568201
1.805572867
1.786390424
1.714965343
1.823463202
1.82984364
1.815141559
1.798931599
1.776524305
1.763408065
1.817936659
1.744124174
1.80546391
1.789342523
1.797574282
1.752856612
1.778780937
1.746753693
1.774530768
1.763237238
1.770311475
1.794077158
1.756647706
1.763254881
1.676039815
1.71957171
1.864241958
1.713216782
1.84559226
1.81001246
1.743169785
1.789241433
1.7982831
1.798931003
1.766165018
1.771472573
1.777100205
1.751004577
1.756072283
1.745819449
1.78019166
1.844334245
1.787165403
1.761310101
1.776978493
1.746381164
1.750368357
1.763396263
1.781437635
1.785536647
1.778724194
1.832916617
1.826970935
1.786060333
1.824051738
1.863913417
1.770609498
1.819906116
1.794238329
1.78959918
1.790890217
1.841527343
1.775133848
1.749719262
1.797133803
1.767258048
1.799872994
1.795252323
1.780788302
1.722565174
1.816622734
1.775405884
1.77974844
1.790541172
1.793640971
1.815889478
1.759527564
1.761830807
1.789063692
1.800193191
1.799746037
1.747419834
1.769200921
1.799957514
1.726237178
1.866833925
1.817151546
1.796486378
1.847927332
1.840537071
1.83054316
1.788153529
1.788243771
1.76079607
1.765347004
1.802310348
1.76733005
1.787050724
1.77540791
1.795296669
1.812945366
1.780219674
1.779865503
1.773057818
1.802337646
1.753945351
1.781144261
1.828302622
1.833613634
1.803978324
1.766449809
1.78272903
1.788694739
1.827894568
1.787425041
1.757125497
1.815483212
1.790765643
1.726934075
1.821254849
1.791265607
1.715691686
1.802974701
1.826591969
1.799778581
1.796074271
1.779066205
1.756319165
1.813001275
1.732243538
1.814219594
1.771612644
1.799156785
1.736496806
1.774496555
1.750074267
1.77105391
1.765920877
1.773607731
1.786632419
1.753591418
1.756003857
1.67865622
1.712992191
1.890406966
1.704459786
1.831248045
1.8191787
1.746469378
1.764592052
1.772993922
1.806021333
1.779117584
1.753584385
1.774729371
1.744303107
1.740811825
1.73172617
1.799480319
1.85002625
1.783273816
1.768879056
1.766018629
1.736629725
1.741072774
1.749897838
1.756755352
1.788492799
1.760881662
1.834827185
1.824973822
1.78704381
1.815515995
1.868551612
1.769026637
1.80096519
1.796315551
1.777846575
1.800413132
1.83722949
1.78550458
1.74898839
1.792154193
1.768531203
1.807366371
1.782654285
1.771939397
1.73493886
1.82474637
1.808448076
1.789632201
1.794221997
1.785107613
1.80176127
1.758297086
1.77652657
1.778818488
1.769729018
1.79011631
1.743829012
1.757017374
1.814584374
1.735442877
1.857995749
1.808595181
1.802239418
1.850679994
1.820434213
1.830742121
1.796913505
1.779757261
1.743214965
1.766778708
1.809499741
1.762707829
1.774712443
1.765588284
1.791077971
1.818266511
1.785335422
1.789230108
1.773268819
1.794548631
1.761933208
1.787634373
1.831602335
1.843273401
1.799816251
1.781298876
1.788566113
1.777373075
1.809625864
1.793569565
1.782085299
1.818192005
1.776730657
1.736503959
1.816936135
1.778431416
1.705140352
1.820469856
1.812016487
1.807315588
1.800307989
1.777858853
1.754621148
1.807059288
1.7392869
1.813040614
1.779706597
1.781024575
1.738708019
1.78132093
1.758535266
1.778239489
1.765527964
1.787593484
1.77763319
1.747656584
1.739861846
1.662810087
1.729113579
1.880406022
1.688184619
1.844434381
1.820614576
1.739314675
1.764968634
1.788040519
1.812066913
1.756003618
1.755589485
1.777048111
1.756274462
1.757458091
1.744984984
1.796500444
1.848834395
1.7812047
1.77273953
1.780119181
1.749452591
1.756348133
1.754082441
1.763981581
1.79108572
1.773820043
1.837884784
1.822783709
1.772891879
1.818070769
1.872266293
1.757378578
1.815863132
1.790274382
1.773450494
1.798094869
1.831817746
1.769066095
1.74734211
1.774140954
1.773836374
1.803506494
1.783892632
1.779999137
1.742394328
1.830407381
1.779023767
1.780740261
1.783016324
1.804556131
1.805324554
1.753632545
1.7588557
1.799269319
1.78304553
1.793099165
1.737908244
1.766292334
1.801597118
1.72641325
1.869350195
1.814982414
1.778038263
1.8595016
1.830269217
1.830896735
1.779154658
1.777426124
1.752725601
1.756355286
1.797460675
1.755686998
1.783411384
1.791717052
1.786002159
1.812089443
1.780213833
1.770937443
1.773355007
1.789335489
1.743886828
1.773172379
1.824622393
1.83833456
1.808224201
1.787440777
1.775914669
1.795675755
1.835962892
1.779284954
1.76335001
1.824824333
1.767065883
1.724663854
1.804562092
1.76916039
1.715244651
1.812251449
1.807286739
1.810945392
1.79329443
1.778078914
1.76446414
1.814425111
1.743094325
1.805125713
1.782632351
1.797232389
1.745049715
1.772648096
1.749853015
1.760237098
1.774574876
1.769394517
1.782891512
1.75486958
1.750757098
1.675209045
1.725298166
1.882476926
1.703306437
1.820371509
1.823098779
1.75077486
1.771729231
1.789031029
1.801096201
1.774897814
1.760242105
1.771533132
1.749922633
1.741348982
1.731448293
1.777015448
1.845294833
1.768111587
1.768382788
1.774814129
1.739865422
1.733242631
1.765740871
1.74330616
1.792427778
1.772053838
1.824945807
1.840406775
1.773387432
1.803807259
1.856074929
1.747456431
1.820435762
1.782351255
1.769048333
1.805663466
1.833966136
1.770149112
1.745833993
1.783456922
1.777007103
1.800977945
1.774271131
1.761242151
1.726126313
1.841474891
1.781214237
1.798188686
1.795064688
1.772603989
1.784704089
1.751855135
1.769287825
1.7889539
1.776685476
1.808978915
1.74397707
1.77242291
1.810783029
1.721064091
1.862983823
1.809265614
1.794298053
1.860800743
1.819980383
1.838701248
1.785906434
1.759438396
1.744325995
1.751014113
1.79249084
1.757835269
1.795473456
1.782985806
1.798595309
1.813150167
1.780505657
1.763201237
1.778762937
1.788115263
1.751373291
1.771311283
1.828787208
1.848584771
1.821152568
1.75690496
1.783093929
1.787838936
1.823330283
1.789603949
1.767678618
1.81649673
1.757757783
1.722347021
1.800229669
1.767161608
1.706184149
1.799626946
1.814696074
1.814917922
1.790173054
1.79509306
1.760116935
1.799453497
1.734832168
1.801471472
1.786380768
1.802550077
1.7412045
1.753376722
1.757370234
1.76825738
1.75094533
1.780319691
1.789298892
1.761564732
1.744719028
1.669677854
1.726774931
1.884916782
1.696787596
1.828573465
1.803049088
1.740929127
1.759338617
1.771931648
1.810573339
1.759178281
1.761722088
1.759773016
1.750355005
1.755632639
1.740766764
1.780507922
1.843720675
1.778375745
1.784409761
1.781770349
1.750555992
1.747356057
1.764122248
1.747629762
1.780525327
1.762401223
1.82403779
1.816412568
1.776183963
1.823112726
1.860511541
1.757912278
1.797884703
1.804488897
1.789281607
1.797706485
1.823660374
1.772498131
1.750824451
1.794689894
1.778854728
1.809159517
1.786033392
1.780766606
1.723176003
1.838128448
1.77457273
1.788859963
1.800654888
1.787270308
1.800547957
1.752289176
1.76624465
1.783975482
1.787586212
1.795793772
1.732310772
1.748681784
1.804003596
1.734928846
1.875727057
1.804286361
1.789498925
1.858077288
1.818199515
1.843664765
1.798768044
1.778364897
1.750593185
1.756846309
1.804796219
1.765362382
1.793223023
1.758458614
1.812897205
1.808879375
1.786071897
1.762975097
1.757105708
1.788023472
1.746785641
1.776715994
1.828250051
1.833201647
1.808855891
1.754785299
1.779418468
1.792138457
1.824787736
1.779166698
1.779835582
1.815321922
1.770052075
1.739190578
1.815308809
1.760331154
1.717852473
1.795608044
1.8229388
1.814215541
1.786350846
1.767776966
1.753405809
1.800685406
1.7433846
1.806813359
1.771627665
1.803010225
1.741159797
1.790155053
1.749858379
1.768183708
1.771124363
1.785246134
1.781028032
1.767979264
1.744011521
1.667246938
1.721579194
1.874761701
1.701195478
1.834262729
1.808759689
1.744889259
1.770137906
1.775941491
1.801003933
1.754185557
1.752094388
1.771923661
1.748032451
1.741515756
1.742544651
1.779953837
1.852340579
1.778137326
1.775436878
1.776834726
1.745805502
1.745169282
1.760141015
1.755128264
1.788291454
1.75978899
1.822822094
1.816004634
1.788923383
1.815970898
1.862092018
1.74550581
1.804564238
1.806594729
1.780869126
1.789151907
1.841206789
1.773441792
1.745518565
1.783913732
1.773436069
1.825244546
1.784316421
1.780436993
1.72937417
1.837961078
1.797270775
1.794343829
1.776732445
1.775960803
1.806075215
1.75620842
1.761544347
1.795505881
1.784782887
1.811438203
1.753087163
1.762083411
1.795419812
1.717107773
1.858057499
1.804517984
1.806001425
1.85364449
1.808459997
1.846392155
1.785518765
1.768862128
1.753179193
1.753957033
1.812299371
1.76682961
1.789088488
1.755625129
1.796842098
1.810586572
1.777014971
1.761609912
1.769721866
1.792514086
1.757143617
1.777778864
1.823596954
1.838014364
1.814894438
1.768771172
1.783665061
1.773228288
1.824390531
1.777504802
1.749948621
1.819686174
1.774394751
1.724436402
1.811139941
1.758562684
1.717294097
1.807538509
1.800273061
1.81288147
1.776834249
1.791589975
1.741235018
1.800216198
1.720454931
1.789672971
1.774581432
1.795468092
1.728337407
1.766916156
1.745316505
1.777343631
1.762148619
1.758866906
1.783780217
1.751474857
1.741908789
1.668644905
1.727033496
1.892219424
1.709693551
1.826292992
1.802098632
1.737410545
1.764356852
1.781325459
1.797246456
1.751312852
1.749109268
1.779966235
1.754080892
1.742427707
1.744612694
1.779416442
1.836014986
1.783882141
1.780448675
1.784384608
1.727753639
1.736665845
1.744083166
1.756672859
1.77812469
1.761669755
1.813506007
1.822447896
1.778218865
1.818566442
1.867320061
1.753814697
1.811382294
1.795520663
1.794297695
1.794638276
1.844475389
1.771721005
1.732320905
1.780057907
1.753488421
1.805665851
1.773125052
1.765108585
1.736065388
1.841516137
1.764829755
1.78939569
1.774951339
1.78452611
1.792265058
1.737895727
1.751182079
1.807477355
1.767507672
1.799011111
1.752345443
1.767635703
1.805093765
1.716662049
1.857030749
1.799885392
1.795666337
1.837142587
1.822234511
1.844309926
1.779662967
1.782515287
1.763230562
1.759943485
1.8009516
1.775460362
1.778013706
1.776087403
1.79103303
1.798803568
1.7990731
1.779923439
1.762459397
1.805691838
1.772227526
1.76787889
1.822712183
1.828128815
1.80460608
1.775138736
1.77110219
1.79056263
1.809247375
1.783057213
1.762960553
1.816174626
1.771641374
1.720860362
1.807852149
1.756426334
1.709709048
1.802646399
1.808312535
1.803339362
1.800098062
1.779920459
1.759439468
1.827011585
1.730101943
1.805552125
1.761135697
1.809150577
1.727481961
1.769178748
1.745562077
1.770993829
1.752922058
1.768283367
1.779718757
1.762216568
1.748206496
1.68512249
1.733497977
1.887392998
1.687871933
1.830636859
1.808461905
1.733472824
1.775284529
1.795897126
1.794176817
1.754423738
1.752779841
1.759922147
1.746417761
1.74377799
1.729591846
1.793481469
1.836979151
1.769438267
1.761312842
1.765899301
1.734581232
1.743607044
1.759575009
1.764044881
1.793699026
1.767114878
1.817474842
1.809767246
1.79914093
1.826425195
1.861306548
1.758982301
1.806947231
1.785068393
1.77342236
1.781591296
1.827485085
1.75777936
1.737134814
1.775554776
1.755727768
1.815987945
1.782672167
1.765242934
1.724197984
1.824457884
1.789932489
1.772765398
1.777845144
1.795034409
1.789547443
1.754728556
1.766839743
1.798891425
1.785763979
1.802006841
1.736872077
1.774891734
1.813626647
1.724103093
1.879446387
1.801483393
1.783722639
1.852679253
1.813990116
1.846834064
1.793271303
1.78338635
1.750020504
1.766956329
1.805751324
1.764009476
1.793743134
1.757172227
1.800335884
1.803897738
1.783031106
1.766945243
1.76115644
1.788556814
1.752289295
1.770789504
1.827370286
1.845086575
1.806462407
1.759480715
1.78284955
1.78471303
1.823047638
1.771891236
1.786427021
1.816017509
1.77365458
1.725333452
1.791316986
1.762218356
1.718091488
1.811751842
1.806638718
1.810464382
1.790571451
1.785936475
1.768073678
1.79545486
1.732555866
1.827959776
1.780967593
1.810203075
1.732925534
1.764377475
1.755686402
1.77056241
1.744871974
1.75895071
1.789953589
1.768453717
1.74415493
1.677094102
1.713069081
1.84980619
1.695335507
1.83846736
1.80458951
1.729124546
1.77676928
1.783675909
1.806535363
1.758654356
1.746988773
1.765751004
1.73609674
1.738284588
1.745301127
1.795753002
1.832238197
1.778638244
1.782755971
1.771068811
1.750189424
1.749881387
1.765905976
1.761093616
1.785328507
1.775276423
1.814628124
1.814132929
1.77898705
1.813109875
1.858279109
1.760524392
1.806498885
1.792072058
1.780849814
1.816493869
1.824917555
1.778856993
1.741185665
1.792963028
1.761122823
1.816046238
1.787516594
1.777417064
1.733389139
1.818066239
1.770724177
1.79634726
1.790774107
1.781527162
1.809731722
1.756068587
1.745740414
1.790186405
1.778934598
1.804887772
1.738494992
1.751098394
1.813909769
1.708214521
1.851651311
1.79956162
1.790934801
1.854463577
1.814924598
1.832518458
1.789403319
1.783151746
1.745859742
1.751791596
1.79887104
1.758745074
1.793066978
1.765964389
1.78933847
1.813272715
1.773064256
1.767929316
1.759281635
1.795587301
1.741536736
1.782728076
1.836907268
1.840703607
1.802065611
1.764772296
1.773467422
1.77926445
1.823552966
1.772812128
1.761606097
1.826731086
1.766756415
1.729284525
1.802277446
1.772473931
1.718009114
1.809707999
1.816879988
1.809699893
1.792507648
1.768713117
1.751002789
1.800590754
1.733786941
1.801559806
1.765926838
1.810832262
1.725042701
1.772632122
1.752400517
1.769243121
1.766105652
1.771596909
1.797347546
1.743496656
1.736590743
1.678903341
1.725710869
1.889046073
1.710877657
1.824078321
1.801594973
1.744214058
1.769134283
1.784523368
1.776907802
1.748426199
1.755893111
1.767067671
1.749136329
1.760703325
1.737711906
1.774447322
1.834608197
1.76816678
1.776255727
1.784741998
1.736452222
1.744556665
1.75666678
1.753454804
1.793556213
1.756768346
1.812981129
1.826340437
1.785590291
1.805330992
1.866757989
1.749861717
1.788077712
1.787234545
1.779794812
1.776277781
1.830752373
1.776840091
1.74344027
1.788063049
1.756954551
1.813985705
1.779186726
1.772638679
1.727029324
1.82924509
1.764207244
1.794917464
1.798008919
1.797876596
1.813657165
1.755677104
1.756502271
1.790642977
1.783295274
1.809906602
1.746727347
1.764706016
1.787582278
1.710054755
1.868528366
1.79777801
1.782989979
1.853190541
1.828972101
1.844457865
1.784910321
1.771319985
1.744691968
1.754292846
1.797445059
1.774894357
1.778876781
1.780078888
1.769607663
1.801453352
1.790030718
1.768691897
1.768549085
1.78682065
1.755976319
1.777724743
1.832468748
1.85051167
1.813783169
1.770513177
1.770219564
1.774998665
1.810890079
1.779013157
1.771059036
1.808071256
1.782226443
1.721903324
1.818408012
1.764828205
1.708870292
1.795473576
1.810214043
1.807358027
1.775062203
1.779474735
1.757426262
1.805823326
1.744979262
1.809858799
1.77608633
1.807648063
1.731543422
1.764616013
1.739324689
1.770216346
1.755489707
1.76146245
1.789322734
1.764027834
1.743688345
1.668423176
1.724717855
1.836822033
1.709823847
1.831661344
1.8172611
1.729659915
1.758480787
1.778781891
1.802558064
1.753106952
1.750088573
1.756578803
1.753319502
1.73237884
1.729834199
1.778326869
1.836841106
1.773406982
1.784495354
1.773290515
1.748203993
1.73825109
1.770324588
1.741792083
1.798453212
1.75904727
1.825348735
1.809858084
1.781616926
1.816785455
1.863324404
1.764566422
1.822302818
1.811451435
1.759003758
1.796193242
1.832448244
1.763018608
1.738634706
1.789736032
1.762442708
1.811781526
1.790297031
1.777620673
1.709111571
1.814926386
1.770989299
1.807124972
1.78651011
1.790701628
1.804635525
1.769479871
1.744949341
1.78956461
1.779828191
1.793941736
1.752462387
1.773859143
1.791315436
1.724279404
1.870617509
1.820663214
1.792544961
1.847544312
1.820129752
1.842281818
1.7915411
1.78051281
1.750131249
1.761728525
1.796734691
1.773303747
1.770261407
1.767704248
1.785467386
1.805023909
1.783299088
1.762841225
1.773861766
1.782013178
1.736781597
1.767447114
1.835500002
1.830091953
1.805235624
1.76558578
1.767110944
1.78568995
1.822864652
1.790990472
1.765922785
1.804302216
1.762527823
1.717495322
1.809667468
1.757267237
1.709952712
1.788189292
1.815073609
1.814404488
1.784471631
1.790833235
1.773138762
1.813224316
1.745744348
1.806097865
1.78181076
1.803476334
1.740357518
1.768202901
1.763989687
1.769922853
1.749968886
1.783967733
1.790621161
1.742400885
1.733207107
1.669102907
1.716647625
1.894717097
1.699531913
1.83380568
1.821540952
1.740623832
1.774942398
1.784387708
1.795068502
1.756669641
1.755623698
1.77823627
1.754664898
1.739325523
1.740626693
1.779066801
1.843583584
1.778349757
1.772367716
1.774292469
1.757384419
1.739676118
1.763456106
1.757956624
1.758970976
1.768064499
1.827554822
1.813092589
1.776244879
1.823301196
1.874700308
1.753043771
1.808381319
1.790737867
1.779690742
1.792530537
1.828989267
1.766182899
1.749395132
1.776619911
1.75745976
1.794055581
1.775948644
1.773721695
1.725883484
1.816943169
1.776539087
1.782462239
1.774524331
1.794451952
1.802069068
1.75915432
1.766300678
1.795148492
1.78206265
1.79803431
1.759733319
1.756918907
1.803876162
1.723282337
1.849265695
1.804521322
1.791374445
1.861866593
1.831695557
1.844729662
1.783369184
1.77624476
1.742089272
1.768754601
1.800282836
1.76910305
1.780173898
1.780000329
1.798273087
1.827898145
1.770675778
1.7629807
1.771352887
1.801238418
1.757091641
1.772949576
1.839727879
1.844424367
1.800356507
1.775013447
1.777177572
1.789765954
1.813764572
1.790219307
1.767879605
1.822091699
1.764996529
1.729930401
1.809737325
1.77670145
1.708022714
1.802429795
1.824793696
1.80850172
1.796114922
1.80181241
1.753078103
1.793902278
1.731233954
1.809260249
1.75728476
1.799727798
1.741918683
1.758678675
1.746808529
1.770336866
1.76363194
1.773808122
1.778096914
1.744391084
1.728540421
1.685955048
1.73235023
1.875542521
1.700371027
1.829997659
1.811110258
1.736810684
1.771073103
1.777969241
1.789474845
1.760679245
1.756786227
1.778034568
1.749371171
1.752336264
1.732072473
1.786868811
1.8358953
1.771417141
1.768450737
1.775284529
1.758667469
1.749246836
1.75420785
1.768147945
1.799130797
1.755389929
1.824895024
1.813396692
1.780890822
1.823539495
1.880443454
1.750199318
1.807018757
1.8037045
1.765599728
1.794870734
1.827011347
1.784190059
1.745132208
1.788496614
1.762832403
1.809393764
1.792065144
1.769131422
1.726857066
1.822003961
1.788472652
1.798526287
1.791210055
1.792801976
1.796894073
1.746893525
1.771986365
1.776138783
1.782712221
1.792756915
1.760664821
1.756180763
1.786924243
1.713526964
1.862768292
1.796703458
1.789745808
1.865291834
1.830977321
1.843965411
1.7804178
1.789004803
1.73613286
1.750981688
1.795301437
1.760044456
1.786653876
1.757157326
1.797311783
1.804896951
1.791824937
1.76044488
1.769333959
1.801717758
1.748093247
1.782838702
1.82484448
1.831033111
1.810556293
1.779892921
1.773970008
1.785015225
1.825018048
1.770679235
1.760596991
1.805820704
1.766981125
1.730026603
1.805577397
1.756111145
1.710201144
1.795153856
1.812715769
1.795947075
1.794783711
1.78531158
1.75183332
1.802634001
1.732803702
1.804207563
1.78094542
1.79880178
1.743328214
1.762524486
1.755319715
1.737175703
1.756453514
1.783966422
1.7916013
1.775579453
1.735193491
1.676273584
1.728881359
1.881023049
1.692276835
1.844020247
1.811707973
1.74302721
1.769252181
1.787262082
1.81101048
1.768687129
1.750866771
1.785940289
1.753847241
1.743584871
1.72391212
1.786608219
1.840806246
1.782270193
1.759289145
1.777478218
1.734484434
1.743021488
1.7479074
1.745824695
1.802852273
1.75920403
1.803722143
1.805288792
1.775186419
1.818883419
1.864943862
1.74732101
1.80388844
1.796020031
1.78725791
1.797531962
1.837930322
1.772655249
1.728413343
1.779774904
1.751310945
1.803641438
1.795248389
1.781047344
1.73781383
1.828094482
1.783483028
1.784200311
1.781165361
1.791898489
1.82373035
1.757082462
1.764032006
1.782800913
1.780516863
1.813812256
1.75254941
1.760616541
1.7975806
1.702088594
1.857793093
1.811003685
1.787267566
1.858488917
1.830852866
1.82784009
1.789891124
1.789552808
1.748072624
1.757250786
1.82145071
1.744544148
1.778648853
1.779206634
1.78099525
1.803392529
1.780844688
1.763363004