2.32534647
2.34725523
2.297323942
2.297773838
2.319027424
2.339846134
2.321549654
2.287678242
2.308177233
2.314056158
2.265601158
2.271169186
2.256242752
2.210548401
2.260581255
2.246189833
2.241370916
2.236602783
2.204391241
2.202207565
2.213716269
2.190415859
2.179291964
2.165536165
2.225289583
2.225308657
2.183166981
2.200510263
2.206733704
2.150226593
2.175889492
2.151893139
2.154068947
2.166545868
2.149405479
2.126120329
2.082867146
2.130173206
2.099058867
2.159877777
2.153366327
2.139435291
2.068175793
2.125952005
2.064887285
2.086593151
2.066858053
2.057738066
2.089920759
2.059090137
2.06884408
2.038678408
2.040486097
2.065772057
2.036236048
2.049553156
2.057028532
2.01058054
2.04821682
2.034431934
2.021053553
2.044887781
2.008023024
1.994853377
2.020246506
1.92550528
1.941028476
1.956101179
1.980717421
1.98322928
1.94070828
1.922228456
1.890962601
1.902063251
1.903268933
1.865793467
1.877100825
1.952239275
1.880171895
1.904918909
1.961979032
1.936911106
1.913325191
1.906448483
1.859857202
1.867153883
1.910042524
1.835635781
1.825288415
1.880402803
1.82753849
1.788860202
1.878985167
1.855105639
1.799675226
1.830719829
1.837353826
1.837579012
1.783335209
1.787359595
1.749077439
1.822515488
1.754682302
1.798872352
1.801899791
1.815644026
1.735636115
1.777598619
1.744054437
1.785906792
1.79003346
1.790892839
1.813480854
1.7623353
1.73751545
1.707077265
1.698725581
1.929997444
1.724506617
1.847051382
1.785399795
1.697981
1.717803717
1.759036541
1.743345022
1.696926355
1.769417405
1.697514653
1.693181992
1.70764792
1.698631763
1.760417938
1.788255811
1.737777829
1.740164518
1.716589212
1.648724079
1.635800004
1.653566957
1.625205755
1.658271313
1.705186367
1.720545888
1.712788343
1.68785584
1.709627628
1.806713462
1.598305464
1.673112392
1.655326724
1.662880659
1.721818209
1.726512313
1.647431254
1.521573067
1.687642455
1.591477513
1.702439785
1.671657085
1.638141513
1.527127385
1.716501832
1.675013542
1.612789512
1.608083129
1.656064749
1.661292076
1.548023105
1.586729527
1.647918105
1.602452397
1.652683854
1.530640006
1.557991266
1.63339901
1.552072763
1.765013814
1.633203745
1.626290917
1.770436645
1.675724268
1.665334344
1.638534188
1.574526548
1.545435905
1.590135098
1.637249351
1.577549219
1.556803823
1.601096034
1.581004381
1.575059056
1.581739545
1.536596298
1.514571667
1.606091619
1.51355195
1.527143717
1.591352582
1.644205332
1.614311695
1.586198926
1.54781127
1.525279284
1.564175963
1.529346943
1.488992691
1.570673704
1.508980632
1.466141582
1.57590735
1.551164985
1.463356018
1.553961754
1.54721868
1.543341875
1.522577405
1.506031275
1.44448173
1.561025143
1.41980648
1.541276932
1.479706764
1.527888179
1.421710134
1.469487071
1.42353487
1.481950045
1.435390353
1.448268414
1.496009231
1.420084238
1.391740918
1.356225967
1.380779982
1.66204679
1.408554554
1.572998047
1.491583943
1.366671085
1.41910243
1.402894616
1.484982014
1.405530334
1.454335809
1.402434111
1.412958741
1.415875912
1.367415786
1.444693446
1.538474083
1.445159316
1.453448176
1.383506894
1.379655242
1.335478783
1.396081209
1.385669708
1.415600538
1.418348074
1.476196647
1.449740529
1.394352674
1.443452597
1.577086926
1.347684026
1.440897584
1.437161207
1.40854764
1.480083823
1.504572034
1.366923571
1.304237962
1.403540015
1.347899675
1.436405182
1.478127003
1.345855355
1.263677239
1.429836392
1.40906322
1.38511157
1.366507769
1.364623308
1.448883057
1.333832502
1.305014014
1.41209507
1.389637947
1.366409063
1.316628814
1.317025542
1.353957534
1.310989261
1.482508421
1.391379952
1.365320802
1.504228354
1.404211998
1.413649797
1.388738394
1.344872594
1.286362171
1.330910206
1.404204369
1.329094768
1.295650363
1.315917611
1.28742075
1.355470777
1.306544423
1.233672261
1.26932776
1.435355544
1.301849961
1.27300787
1.389314651
1.429188848
1.365234494
1.334968805
1.309984803
1.314635873
1.378791213
1.298445463
1.289753437
1.344027519
1.290926456
1.249732018
1.399089336
1.338211894
1.194729328
1.319613099
1.354777813
1.305829406
1.29354465
1.311487913
1.221495509
1.362247348
1.181582808
1.331630707
1.246341348
1.295177817
1.180787683
1.275965929
1.229908943
1.272987962
1.181845665
1.291278601
1.307437301
1.19328177
1.227217674
1.099411249
1.194398046
1.371252656
1.208336353
1.401334047
1.38635993
1.172947645
1.237777114
1.225768805
1.321102023
1.21149075
1.249900341
1.239619255
1.230562091
1.242577076
1.214756131
1.281086326
1.353881955
1.270620465
1.292970657
1.258302569
1.149202585
1.211724639
1.192001343
1.173551202
1.302330017
1.276762962
1.302325726
1.326717019
1.226177812
1.342613697
1.446963549
1.169214487
1.302948833
1.260544419
1.243296862
1.312421679
1.363779783
1.242858529
1.162722349
1.244899988
1.171960592
1.270542622
1.324376941
1.230354071
1.114645123
1.322297096
1.293443561
1.192325473
1.246383786
1.264802456
1.26498127
1.124881387
1.162937641
1.278227568
1.235488653
1.204844832
1.171619415
1.19167459
1.289399266
1.117188454
1.406323075
1.247391343
1.245700121
1.344266891
1.322962403
1.28680861
1.236993551
1.154189467
1.15227437
1.235671163
1.285660744
1.228085995
1.220220923
1.237203002
1.236572504
1.250030041
1.208181143
1.148262978
1.186050177
1.270488739
1.193506837
1.189487576
1.301534057
1.321031928
1.282876372
1.234318495
1.201099396
1.201892734
1.277896643
1.184042931
1.18073976
1.24386096
1.192272902
1.129264116
1.225916266
1.210242391
1.108077288
1.235524058
1.244885206
1.196734309
1.203146338
1.182783484
1.119538307
1.264412761
1.138622046
1.249796152
1.202070832
1.227669954
1.068384767
1.193110466
1.130710721
1.138384342
1.119291902
1.167838573
1.219385028
1.132319808
1.153182507
1.00747788
1.094406843
1.434358954
1.124245763
1.305199981
1.308772922
1.092047095
1.162271857
1.184399128
1.241182685
1.097272038
1.213723063
1.144719243
1.12678349
1.164342284
1.10909605
1.187670112
1.260158062
1.235482812
1.20505178
1.203113079
1.124374866
1.115195274
1.10665381
1.121278524
1.205751061
1.197964072
1.232590079
1.259371042
1.151861429
1.257673025
1.381761074
1.122159243
1.191340208
1.174755454
1.166751266
1.255809069
1.344743967
1.125972986
1.049642205
1.178468347
1.138136864
1.212918878
1.198271275
1.143286705
1.008426309
1.287986159
1.240314722
1.126537919
1.19542563
1.170257449
1.222235918
1.044487834
1.100643635
1.187211514
1.161292195
1.148794651
1.09837234
1.11472249
1.186828136
1.077043176
1.314748287
1.176531434
1.190660596
1.260707021
1.221009493
1.238979459
1.183774829
1.115145445
1.076119184
1.172904849
1.217294812
1.134335876
1.161545634
1.156151295
1.139823556
1.178863525
1.153173089
1.083717465
1.09772563
1.205123663
1.133355379
1.128462076
1.218516469
1.247187257
1.234829307
1.173729062
1.116472244
1.137580991
1.184911013
1.125873923
1.113740802
1.21124208
1.140699267
1.05663991
1.200085998
1.127454281
1.016989112
1.194793701
1.185643077
1.152315259
1.15183568
1.131172776
1.053418517
1.20595789
1.061876655
1.207791448
1.103069067
1.131852388
1.013782024
1.122365475
1.092384815
1.094489574
1.053319097
1.087937355
1.140382409
1.034203053
1.071604133
0.940221906
0.977505922
1.381196141
1.069687247
1.262964606
1.250110507
1.05758214
1.104158998
1.110508084
1.16769588
1.038555503
1.098151326
1.090102553
1.062875509
1.095736384
1.046005249
1.146273494
1.224506855
1.159286261
1.176818371
1.09682858
1.06018436
1.062224746
1.042147517
1.070612192
1.108757138
1.139167309
1.181335092
1.205570817
1.121779203
1.175659418
1.338131189
1.052679539
1.159611106
1.13743341
1.127967834
1.189289927
1.221913815
1.064045072
1.020738602
1.128165364
1.053250313
1.164740205
1.172075748
1.091367245
0.987155974
1.214247465
1.151771307
1.09368968
1.110489011
1.132560134
1.185019612
1.030869722
1.053925395
1.144990444
1.120588183
1.076721787
1.064144969
1.034500718
1.136693001
1.035526991
1.295631289
1.186468005
1.119998932
1.273407578
1.200367808
1.205071568
1.142533422
1.078119397
1.011996984
1.12660706
1.144293308
1.109570146
1.078551769
1.071786165
1.115612388
1.131664991
1.085983634
1.075919271
1.056873322
1.187392354
1.076825023
1.080902338
1.190276861
1.189338923
1.220862627
1.12513423
1.072877288
1.086545944
1.154286385
1.068454385
1.076490164
1.137995958
1.116052151
0.99336797
1.166644335
1.086351156
0.962019861
1.158377171
1.152519941
1.107905269
1.123271346
1.08698225
1.005860567
1.200606227
0.959257364
1.190690756
1.074360013
1.112216473
0.968574941
1.098012567
1.008609533
1.023945928
1.024376392
1.063089967
1.112723589
1.027876496
1.002160788
0.887806535
0.948874593
1.238229871
1.038498402
1.189443231
1.205020666
1.000164986
1.069237351
1.062526941
1.113283873
1.021484971
1.074213266
1.057910442
1.034077883
1.023313761
1.008415699
1.087315321
1.211461425
1.143217921
1.104059339
1.083688736
1.017098665
1.018529534
0.971026361
1.00588727
1.128094673
1.10456717
1.149581075
1.152380228
1.043438435
1.181314349
1.298788667
1.022344112
1.125680089
1.141715288
1.090166211
1.179977655
1.207823157
1.055520892
0.941843212
1.06855309
1.046737313
1.132999659
1.157140613
1.058959246
0.946242809
1.192950606
1.105781317
1.033046246
1.08428359
1.068813443
1.15767777
1.000421882
0.999740422
1.120740533
1.076905251
1.065256119
1.003309131
1.012120247
1.101741195
1.012793064
1.244779348
1.111827016
1.09568882
1.206676602
1.142845392
1.148947239
1.114916921
1.07659483
0.988061965
1.07766366
1.128011942
1.062332869
1.06453383
1.044498801
1.094640493
1.119144678
1.068079233
1.028850675
1.048892021
1.160793781
1.044084787
1.025190115
1.179391503
1.18195343
1.132376194
1.092514396
1.071464419
1.092614889
1.119059563
1.055286288
1.070626497
1.108543634
1.060247779
0.993100703
1.179388285
1.072964072
0.958913684
1.115488291
1.129149079
1.100080729
1.113008022
1.082346439
0.989071131
1.157526851
0.98468107
1.145940185
1.023278475
1.044963121
0.970948339
1.094665051
0.983256578
0.975025654
1.007652879
1.054764628
1.119778275
0.941830516
0.982070565
0.871434271
0.937468469
1.236163974
0.979798555
1.179988861
1.179524183
0.970217228
1.027989745
1.047766089
1.102499127
0.948776305
1.040159225
0.993494034
1.004640222
1.018317938
1.00484395
1.061024904
1.208975911
1.066406608
1.091614723
1.074705005
0.972275794
0.996347785
0.975352824
0.97558558
1.085165501
1.085200787
1.099834085
1.197806001
1.01452601
1.144984126
1.287778854
0.99698931
1.110060573
1.061299324
1.064524651
1.102977157
1.22469759
1.015893221
0.934444547
1.066986322
1.024844766
1.081561446
1.139564872
1.05919838
0.90406841
1.144246459
1.071292996
1.035112262
1.07065022
1.071918011
1.092143416
0.977477729
1.005131364
1.087991714
1.079218984
1.066804647
1.00023973
1.018953562
1.069077492
0.953482151
1.260553598
1.127220988
1.078991055
1.199431419
1.112273097
1.165309072
1.115429759
1.02086091
0.953814685
1.077030897
1.085847378
1.064895749
1.022102356
1.029097199
1.086953282
1.10122478
1.033580065
0.991973698
0.995559812
1.158940673
1.016021252
1.00667429
1.133447528
1.147954464
1.145941854
1.086842418
1.020379901
1.054776192
1.137185216
1.036466002
1.053882241
1.110325217
1.026190519
0.995890439
1.127393484
1.06602037
0.958751202
1.081193089
1.108342409
1.065077424
1.06742692
1.049521804
0.96194768
1.144033074
0.954792023
1.168082595
1.044420123
1.035711646
0.96202898
1.027300119
0.9669801
1.005331039
1.002292156
1.038468003
1.068554997
0.959817648
0.94138974
0.837701857
0.915720165
1.187388897
0.99712497
1.137754202
1.164409518
0.958682537
1.003155947
0.97247678
1.075843096
0.930806816
0.986106455
1.038680434
1.00899303
0.971119404
0.963933945
1.057431698
1.178382635
1.062555671
1.075796962
1.022777557
0.952971041
0.975122213
0.935162425
0.958912134
1.079941511
1.088764191
1.100746632
1.099140286
1.058613658
1.12275517
1.286132693
0.977312148
1.093601108
1.073893547
1.009249687
1.107999325
1.176837206
0.984813213
0.933065414
1.05615449
1.038459063
1.098918557
1.116511822
1.025625587
0.903623819
1.154385328
1.103654742
1.014945626
1.065336347
1.041380763
1.109907985
0.982681632
0.953867495
1.076454401
1.042037845
1.05394721
0.996389031
1.005861521
1.075233698
0.959382951
1.207235336
1.09008193
1.077031732
1.17204392
1.098045588
1.131237268
1.085148215
1.021462798
0.949874282
1.057965398
1.071945548
1.043527603
1.033171892
0.999706745
1.054423571
1.095158219
1.048076391
1.016524792
0.970639408
1.142277956
0.995473146
1.027946711
1.118979454
1.135002732
1.142335653
1.034771085
1.004644871
1.006170869
1.141915441
1.00926435
1.034967065
1.088099003
1.036015749
0.964472055
1.083145142
1.008967042
0.92956835
1.087278485
1.12063098
1.089090705
1.053081989
1.016674995
0.971048594
1.115193248
0.963584781
1.08854425
1.009012699
1.061827302
0.923958123
1.013192296
0.943720043
0.964687228
0.974321783
1.018737555
1.041020989
0.957175851
0.928159595
0.83518523
0.934639096
1.225003481
0.983908057
1.144184947
1.122541785
0.971523285
0.995168865
0.983284831
1.074975014
0.990880668
1.00072217
1.007623553
0.953476608
0.977935672
0.917096496
1.042072296
1.155095458
1.102001667
1.070285678
1.030309439
0.975697815
0.984877229
0.949150324
0.971613824
1.046772361
1.0527637
1.091349721
1.112820268
1.007780313
1.090236902
1.215370297
0.950719535
1.094136834
1.093099117
1.037684798
1.117691755
1.172127128
0.993740737
0.925487339
1.076928973
0.986259222
1.078175068
1.087348104
0.988384962
0.89887017
1.159229755
1.108041525
1.039080739
1.065399289
1.052532554
1.074768543
0.975218296
0.956446528
1.073284149
1.030841947
1.019914031
0.983000576
0.963029981
1.055921316
0.941106081
1.203803539
1.073442936
1.048561335
1.165896893
1.11125946
1.122371316
1.054336905
1.007548809
0.922173023
1.104484797
1.07175684
1.049214721
1.05910933
1.03147018
1.064178348
1.091808319
0.990184486
0.999511421
0.964945078
1.115219831
0.998126507
0.980065465
1.07626164
1.145614028
1.150829077
1.0534935
0.99263978
0.979955435
1.103450179
1.011661172
1.042547584
1.067301512
1.02826786
0.980182648
1.090875506
1.033891797
0.924237847
1.052565455
1.121776819
1.046621561
1.060110807
0.956638277
0.963709474
1.092734218
0.944517076
1.088000655
1.012895346
1.038607121
0.931741595
1.045656323
0.954083979
1.027850389
0.945564806
0.999940515
1.051047921
0.933394313
0.90593636
0.828437567
0.905616462
1.179072261
0.988109648
1.15025568
1.144231915
0.911693335
1.000515938
1.001351714
1.063165903
0.948621154
0.995079577
1.011420727
0.97380954
0.987046778
0.950943232
1.023917556
1.106596828
1.086073995
1.044350266
1.045477629
0.941196203
0.952795982
0.943081796
0.944887757
1.053424597
1.065145612
1.060836315
1.09921658
0.982978344
1.112358809
1.238152742
0.991510212
1.074244738
1.067998528
1.043089628
1.104907274
1.156145096
0.99205339
0.937904894
1.016495824
0.990486145
1.071308851
1.098962665
1.017807603
0.875208676
1.146824479
1.061853528
0.98115772
1.039142251
1.03082633
1.101583362
0.945880234
0.966365218
1.027026892
1.041939974
1.003407955
0.973772466
0.982773483
1.036459684
0.959397852
1.197339535
1.102159739
1.066373706
1.15266645
1.146819711
1.138866305
1.068147302
1.000098109
0.913433075
1.044272184
1.075283647
1.008209586
1.046268582
0.990620196
1.0375489
1.069391012
1.019689918
0.944315076
0.944132268
1.083476663
0.98262912
1.019449711
1.110173225
1.104429841
1.145860672
1.060509205
0.987364233
1.00291574
1.065961361
1.023094654
1.000153661
1.06852591
1.028832793
0.965614736
1.119259238
1.014047384
0.905037522
1.087967873
1.086391449
1.042041779
1.049497843
1.036262393
0.919623256
1.112907052
0.936810017
1.069734216
1.001570344
1.038740158
0.920153201
1.01532948
0.953435719
0.987069547
0.955570757
0.989273906
1.025370359
0.908429623
0.928672373
0.813814759
0.88792938
1.169309616
0.938246548
1.106500268
1.128679276
0.92677176
1.001383543
0.98694694
1.047219634
0.96526134
0.969083786
1.009448767
0.957648158
0.990009248
0.907515168
1.029929042
1.114757895
1.06507194
1.086540461
1.031104088
0.914604485
0.96178484
0.920790076
0.967108607
1.046558857
1.02761066
1.055546522
1.156336308
0.97972852
1.100560188
1.224144101
0.926949978
1.080047727
1.060773134
1.005718589
1.12887764
1.188459635
0.988246679
0.889410079
1.017013192
0.965848804
1.0613873
1.095524192
1.004631519
0.903660417
1.155325651
1.072674274
0.990474343
1.033353925
1.051552892
1.078525662
0.954607308
0.942577422
1.050944924
1.042215824
1.037911534
0.983781695
0.977770567
1.018418312
0.944577575
1.191148639
1.056156993
1.072393656
1.163070083
1.104590774
1.119476318
1.049863338
0.994852006
0.940350831
1.0477705
1.087034345
1.033822775
1.027001262
1.004621387
1.035553575
1.078160763
1.024760246
0.979879081
0.941745222
1.102306843
0.955290854
0.971041203
1.092666388
1.138283372
1.117795587
1.052924514
0.990890801
0.989483356
1.067404747
0.979532361
1.014611006
1.063638449
0.998918176
0.947681189
1.110248685
1.023982882
0.868864715
1.07568419
1.109082699
1.054188848
1.037464619
1.012270331
0.966979623
1.115045905
0.917221069
1.094343662
0.980335057
1.017660975
0.920316994
0.985854089
0.934396684
0.965075612
0.925296247
0.956457675
1.030411601
0.911889434
0.923198521
0.803411961
0.868800998
1.192867279
0.944064319
1.121136665
1.10317564
0.906331003
1.000123262
0.980159044
1.036262989
0.924533844
0.989766479
1.043147683
0.985015571
0.951314628
0.911208808
1.009309053
1.137207508
1.026431084
1.076306105
1.015123248
0.933887959
0.936878145
0.927806199
0.945877671
1.042519927
1.038856387
1.069218278
1.114667177
0.986715972
1.131509066
1.225019813
0.958869278
1.064428449
1.07172215
1.032608747
1.095602036
1.154038668
0.967251062
0.903957367
1.006418109
0.958192527
1.062555075
1.069935799
0.984758437
0.901880264
1.120493174
1.039097309
0.953377962
1.020983696
1.011237741
1.073392391
0.946089447
0.941602826
1.050102592
1.046377659
1.015049338
0.966799855
0.99961561
1.009554744
0.940877199
1.201301455
1.065618515
1.05739069
1.158880711
1.11320138
1.137726545
1.073070884
0.976893365
0.908796668
1.004481554
1.052973747
1.022170067
1.007764935
0.994700789
1.030479431
1.087517381
1.03147006
1.009399533
0.952132106
1.081086397
0.975729764
0.999362767
1.106939316
1.119688153
1.123995066
1.053719401
0.978360355
1.00525713
1.081709743
0.984407902
0.996038258
1.070232987
1.01785326
0.946931839
1.090453982
1.02959013
0.918648839
1.045575142
1.093854547
1.025652528
1.045039296
0.990126312
0.92716819
1.067759275
0.95729357
1.081012964
0.993852735
1.012963891
0.899144769
0.997403324
0.947157204
0.962993801
0.946587503
0.966861665
1.024487734
0.909425259
0.891440988
0.845951319
0.856718302
1.232630849
0.956574619
1.11873126
1.105331182
0.92629981
0.958377004
0.956520379
1.038848758
0.915910482
0.944426
0.99705404
0.966720521
0.966722131
0.934551299
1.032072544
1.121329427
1.021311164
1.054124594
1.033877492
0.943624973
0.948758006
0.947078049
0.937831759
1.039152503
1.010268927
1.0759027
1.146254063
0.962649405
1.10959506
1.228475809
0.956774712
1.049468279
1.05541265
1.029543638
1.063076496
1.149524689
0.988113463
0.93775326
1.008033991
0.956406355
1.025434136
1.09168756
1.033678174
0.895838022
1.121770263
1.057818055
0.978088319
1.041633964
0.994524956
1.069308162
0.944013
0.908462524
1.06431365
1.041777253
1.029384375
0.936059475
0.991428852
1.023181915
0.953937411
1.197562099
1.035998464
1.065556169
1.148960352
1.054555535
1.122166514
1.055082321
1.029022932
0.905418217
1.029242754
1.072148561
0.999511898
1.004626513
1.008925676
1.060472965
1.052062631
1.03305757
0.979376078
0.987613857
1.117619753
0.998788834
0.981985986
1.10153091
1.113130569
1.098792911
1.05530405
0.99508214
0.996139765
1.106231928
1.001111388
1.012322187
1.062208772
1.00904274
0.960481763
1.0641011
1.050119758
0.912804246
1.05314827
1.109111786
1.040484905
1.033382773
0.988942623
0.925418317
1.096722603
0.905220509
1.121107459
1.006596923
1.026580334
0.926409066
0.960493684
0.927422285
0.963317692
0.945241094
0.998151064
1.000323415
0.902524173
0.927520633
0.823334396
0.871244311
1.177692771
0.961901605
1.104774952
1.110537529
0.911854267
0.97763437
0.987837315
1.057380557
0.918063283
0.963667452
1.007439613
0.98072964
0.986701787
0.919862449
1.057339668
1.151924253
1.03873837
1.039509058
1.020259023
0.908758938
0.963078618
0.926494122
0.954975188
1.066367388
1.061371207
1.054355979
1.103045464
0.975859106
1.11715126
1.259079576
0.986540616
1.047578931
1.052211523
1.020849347
1.076331973
1.153217554
0.97985208
0.903465927
1.04706037
0.925181627
1.071474433
1.104446888
1.003702521
0.880532205
1.078151584
1.080074191
0.977535188
1.038739324
1.007681608
1.104263544
0.944628954
0.923163295
1.041800022
1.037155867
1.050096869
0.977521837
0.957950652
1.035288215
0.943918288
1.208302617
1.058470011
1.037169456
1.12302959
1.109724045
1.111498713
1.088697433
1.019952774
0.905557692
1.005910039
1.069247484
1.027848482
0.993705153
0.973331988
1.033414841
1.055785656
0.970478296
0.942355394
0.982992411
1.13791585
0.978681386
0.999624491
1.108107805
1.088084102
1.106021523
1.056881309
0.974580765
1.006406307
1.107495666
1.018004656
1.009073257
1.029604554
1.026895285
0.915447831
1.08123374
0.992278397
0.936682582
1.057497382
1.043371558
1.059986949
1.03766346
1.009038687
0.978294671
1.097877502
0.933541119
1.093202353
1.013899207
1.016367197
0.945155263
1.005744457
0.950367689
0.967113197
0.914236009
0.988099456
0.997979224
0.917979062
0.954245031
0.816981018
0.882037163
1.17207706
0.939221621
1.09434998
1.121685624
0.920844853
0.981007457
0.954752803
1.021683574
0.934934735
0.970945656
0.999292195
0.953995705
0.992880642
0.920513928
1.027547002
1.100525856
1.032785416
1.055685401
1.014244676
0.917647898
0.954256475
0.910737038
0.930011928
1.06058526
1.047080159
1.099609137
1.106768012
0.98595953
1.10594666
1.233980894
0.980830967
1.067284107
1.056050658
1.039495826
1.145040393
1.171002626
0.972128391
0.889496386
1.00242877
0.955347002
1.042017579
1.062357903
0.994566321
0.896450281
1.128712416
1.049557209
0.96865654
1.038647413
1.032019019
1.055353761
0.944393575
0.939385831
1.018625021
1.021316409
0.998971939
0.944644451
0.947818458
1.014603376
0.927653253
1.223106384
1.070521593
1.078824401
1.139578104
1.089880347
1.097870111
1.069678307
0.976867735
0.885891438
1.008917332
1.07643199
1.061809659
0.993789613
0.98666209
1.034436107
1.055298686
1.022667408
0.969760001
0.965909779
1.127194166
0.973463356
0.98053211
1.088105679
1.115950584
1.139450908
1.014520526
0.989991963
0.990382195
1.050187588
0.992696047
1.013267756
1.067895055
0.989289641
0.918312848
1.075753689
1.028714061
0.885171056
1.071367025
1.087822914
1.033349991
1.062240958
0.977966249
0.961217105
1.082272172
0.921552002
1.056233764
1.005533218
1.037061453
0.921697915
1.00146091
0.966686845
0.937950909
0.934344351
0.973170519
0.999097884
0.888016343
0.91067183
0.816371322
0.872353196
1.233757138
0.933103144
1.148787856
1.120705962
0.887251139
0.980720758
0.979300618
1.049286723
0.910301328
0.968967319
0.995787203
0.937496662
0.957556307
0.927458405
1.009770036
1.127765656
1.063948512
1.067129493
1.031237721
0.92505765
0.972252131
0.913755178
0.935942829
1.031746507
1.04479146
1.059734821
1.103448391
1.00831151
1.114247918
1.246072292
0.953610301
1.051263213
1.035447001
1.010564446
1.10340035
1.177996635
0.984319389
0.942942679
1.010320187
0.960473239
1.063769102
1.119834781
0.969956577
0.887512565
1.113048196
1.06333518
0.976709902
1.054854274
0.998255849
1.071146965
0.937361717
0.921096623
1.044854641
0.993369877
1.012468457
0.95136869
0.960561633
1.02986598
0.912182927
1.184628129
1.062891245
1.056277752
1.140696287
1.100941539
1.086196184
1.05407238
0.991421819
0.930494726
1.01226902
1.101879358
1.010034204
1.008587241
1.018399596
1.026195884
1.038804889
1.005067587
0.956018865
0.953901708
1.106607437
0.953946888
0.9576177
1.109708905
1.130127311
1.103075385
1.040261269
0.983191729
0.95997709
1.091676354
0.990491748
1.014529943
1.084474683
1.039063334
0.913961053
1.073246002
1.003358245
0.89748323
1.08701396
1.082103968
1.030365825
1.038256764
1.004533172
0.923645735
1.070846558
0.90545702
1.084860444
0.983577967
0.999406636
0.902640104
0.991014063
0.94968009
0.961267412
0.938085377
0.976278663
1.046854019
0.908419132
0.910072505
0.822346449
0.901838243
1.161892056
0.962338209
1.111059666
1.09534955
0.937231243
0.993479371
0.988467932
1.019711852
0.923077106
0.947408438
1.008071423
0.997683823
0.979434788
0.913263142
1.029078245
1.163432002
1.048865199
1.041966677
1.048328996
0.900621831
0.936957836
0.929542601
0.952397645
1.027483225
1.038446903
1.073945761
1.064388156
0.986992478
1.136873722
1.205837488
0.962792456
1.046670914
1.026768804
1.02153945
1.098596454
1.176783204
0.953871012
0.902872682
1.030823112
0.971583724
1.078409791
1.055737853
1.000525475
0.853336811
1.102668047
1.055921435
0.962355673
1.012718678
1.024270296
1.046623945
0.946322143
0.918052137
1.032255292
1.032440543
1.028892398
0.955497622
0.947748959
1.033202291
0.927723944
1.221074581
1.039812326
1.010650158
1.153211355
1.098873615
1.103167534
1.040605545
0.994065642
0.909950674
1.009157658
1.057700157
1.001350164
0.978667319
0.991212547
1.014075875
1.041582108
1.013583064
0.936407208
0.924360573
1.096188545
0.974942267
0.965581715
1.091373444
1.148018003
1.096690655
1.048092961
0.994108975
0.989764929
1.093982697
0.997538984
0.997020721
1.092142344
1.031993866
0.946912467
1.064969897
1.034824967
0.923943579
1.079339623
1.102178812
1.047240853
1.043270826
0.977432132
0.93506813
1.090567231
0.938691735
1.073334932
1.01175797
1.052933455
0.909002781
1.020364642
0.941052675
0.96444267
0.92129916
0.959854484
1.012483597
0.907189429
0.931284547
0.80977577
0.874985993
1.151733398
0.948372483
1.111377597
1.120010972
0.909170747
0.983618379
0.961318851
1.013053894
0.917821944
0.954382241
0.991042495
0.976032794
0.956165969
0.913291335
1.035709023
1.128033876
1.048888087
1.026450515
1.024954557
0.947655261
0.948716819
0.920060396
0.933608055
1.023228645
1.013888478
1.070742607
1.095121861
0.955416501
1.109873176
1.241190434
0.957065046
1.052232146
1.040328264
1.015801787
1.086658239
1.173580408
0.948068559
0.898093879
1.026587725
0.949411869
1.027527928
1.080848336
0.974816501
0.860684872
1.114592195
1.0372262
0.951617181
1.021772027
1.035214305
1.079062939
0.951876581
0.944219053
1.017147899
1.044988632
1.03841722
0.93681699
1.008568406
1.009430408
0.956341624
1.198987961
1.080933094
1.053770065
1.167315483
1.085520744
1.130265832
1.047604918
0.980490208
0.879664242
1.032420874
1.054402351
1.005436301
1.012627602
0.975415468
1.015392303
1.038564444
0.979271233
0.949147999
0.93979311
1.086604238
0.983270168
0.960406363
1.078998089
1.106681943
1.101437688
1.047570109
0.960323155
1.000551224
1.112872601
0.976751804
0.995222867
1.043695807
1.00165534
0.935515165
1.094961524
1.000835061
0.897198856
1.062158942
1.053248286
1.009866714
0.990531802
0.978276074
0.931040883
1.082944512
0.909023166
1.061891794
0.972596765
1.000478745
0.967705905
1.010859728
0.944645464
0.98322314
0.919541478
1.002063274
1.032395601
0.87196213
0.904498398
0.838328004
0.902176321
1.159988165
0.926832139
1.096258283
1.136555076
0.925306439
0.975518584
0.965917528
1.038588285
0.945916712
0.996665418
0.996144116
0.965631247
0.943100691
0.931637645
1.045504212
1.11818254
1.036337495
1.033416033
1.033895135
0.934848011
0.945521295
0.945134938
0.929436028
1.008594155
1.038327098
1.072975636
1.12241292
0.974867404
1.116872668
1.24471736
0.942990541
1.033749223
1.028990626
1.038389921
1.072716951
1.165376663
0.973043978
0.878161609
1.007613182
0.953322947
1.045737982
1.069766998
0.993219078
0.885882795
1.11064887
1.033944845
0.946325541
1.045910001
1.022511482
1.045485616
0.967191577
0.950011551
1.029726028
1.035557747
1.015469909
0.955601513
0.954856634
1.006960988
0.926055968
1.201338768
1.064713717
1.040198803
1.1231215
1.089464664
1.10091722
1.063531637
0.999929607
0.898791432
1.030066729
1.039100051
1.013874531
1.002308249
0.997839332
1.05448544
1.029319167
1.031623483
0.970438063
0.960582674
1.11042583
0.961122096
0.989907086
1.09297514
1.113545179
1.10361588
1.05202961
0.98691833
1.003154039
1.082553387
0.972912729
0.975139499
1.055269122
1.025780678
0.926464379
1.077833414
1.009507656
0.913502932
1.083777428
1.105764508
1.037071586
1.047631145
0.990487635
0.954999626
1.109148026
0.930004418
1.051854849
0.986736357
1.04542923
0.926934242
1.005118728
0.923111796
0.954868436
0.934407115
0.98029089
1.000455856
0.884180188
0.929730356
0.853576958
0.906517506
1.198971391
0.949146628
1.111439109
1.132030368
0.937650084
0.988118768
1.002397895
1.017015338
0.928517163
0.968473434
1.0001086
0.963944912
0.979272544
0.911777854
1.04412961
1.166882277
1.051794052
1.028315544
0.996094465
0.907681704
0.942220747
0.930772364
0.947519243
1.007354975
1.020573974
1.066106677
1.086421847
0.984473526
1.105139494
1.250766635
0.944628239
1.051652312
1.042022228
1.032891154
1.130862355
1.148680806
0.984633505
0.910948932
1.007592201
0.945838094
1.065196157
1.088191628
0.958185852
0.897394836
1.096419692
1.061484933
0.959106565
1.058498859
1.00215745
1.060461283
0.947894454
0.913899839
1.059863091
1.038674831
1.011176467
0.946152031
0.999163151
1.048461318
0.950954318
1.173519373
1.062558413
1.068032026
1.134058595
1.078551412
1.156201601
1.064448118
1.03029871
0.925044
1.023733854
1.074997425
0.999368191
1.035183907
1.010338902
0.996707618
1.04807663
1.014820337
0.945749342
0.935846806
1.088211536
0.971327186
0.983260036
1.082269311
1.122636676
1.114108205
1.020474792
0.965612113
0.990965545
1.109879017
0.98550272
1.010466218
1.06805706
0.991532862
0.946118236
1.079477906
0.993033707
0.87799561
1.067119002
1.125497341
1.01571703
1.053221107
0.996314287
0.916162372
1.106707215
0.894926488
1.086954355
0.982649565
1.005439997
0.919915497
1.002863884
0.915990055
0.952694535
0.938322842
0.994380951
1.026837349
0.903551042
0.905812085
0.829277873
0.874303639
1.237529516
0.972884476
1.161759615
1.136829495
0.916364014
0.938636422
0.960374534
1.025668144
0.920603275
0.97931391
0.996217728
0.961867929
0.964620888
0.907650471
1.028946042
1.145248652
1.055956721
1.049356341
1.044461489
0.919786811
0.929241002
0.927209795