2.32534647
2.236498117
2.191258669
2.174776793
2.140497923
2.172968626
2.078165531
2.211561918
2.16837883
2.303970814
2.184134007
2.129662514
2.187024355
2.26047945
2.296751022
2.280119896
2.372424126
2.183596849
2.009461164
2.258287668
2.36605525
2.284701824
2.186965942
2.389299393
2.312549591
2.55227232
2.399732351
2.313234329
2.536505222
2.280685425
2.471354246
2.297146797
2.446181297
2.340647221
2.314664364
2.199555397
2.068579912
2.483563423
2.243417025
2.431329489
2.47235775
2.180551767
2.352746964
2.524850368
2.446513653
2.209209919
2.40621829
2.343776226
2.266337872
2.162569284
1.998528004
2.366252422
2.065778971
2.182258368
2.127599478
2.122394562
2.322195053
1.997625232
2.413797379
2.272336483
2.070353031
2.249787092
2.30359745
2.112817764
2.259917259
2.038753986
2.026648521
1.85857451
2.231364965
2.0807302
1.867930412
2.131761789
2.049506664
2.153527975
2.255561352
2.036523104
2.087631941
2.120737314
2.155443192
2.040149689
2.284479618
2.044389009
2.305269718
1.996601701
1.84868896
1.999120831
2.0169487
1.97115314
1.77842474
2.021356106
1.794924855
1.689623117
2.040340185
1.817418933
1.723356605
1.860215545
2.097237587
1.982158542
1.995520115
1.781674027
1.8133322
1.926158428
1.718122244
2.069979191
1.83743751
1.804927349
1.591983318
1.8059479
1.708261371
1.743582487
1.705299497
1.816184521
1.728323221
1.580611587
1.595095634
1.439319611
1.577239156
2.101651192
1.631981492
1.872377038
1.769983292
1.634085536
1.619133711
1.489830971
1.656905055
1.578512549
1.4387573
1.677075982
1.644432425
1.586688399
1.539221764
1.707298279
1.833580852
1.646567583
1.756438494
1.572360873
1.469522476
1.530924082
1.560040236
1.48915267
1.566140771
1.494977951
1.537908912
1.861884475
1.574351788
1.729494452
1.856049895
1.4278332
1.58709836
1.553355932
1.688182354
1.571359754
1.717704892
1.42112565
1.438852549
1.566644669
1.334202886
1.703175545
1.516135573
1.457329392
1.381790042
1.782562017
1.613962889
1.359741926
1.467733383
1.556701422
1.528380156
1.323776126
1.29675138
1.329777956
1.580732465
1.486049294
1.339214683
1.429480672
1.431978226
1.265484929
1.651570439
1.49994123
1.369723439
1.554563522
1.559472799
1.631773949
1.38700068
1.308830619
1.154564738
1.344763994
1.368354201
1.432223558
1.461297989
1.516905308
1.406629443
1.438482285
1.476333261
1.392290115
1.190719008
1.481699586
1.47203505
1.422997594
1.518634439
1.536080241
1.507614732
1.383942485
1.235262036
1.355290532
1.50969553
1.226685286
1.197656989
1.566921115
1.171794534
1.301561356
1.427963972
1.248378754
1.245357037
1.435144901
1.453553557
1.429591775
1.480362415
1.187402368
1.400028944
1.401723146
1.20162642
1.473980427
1.329970121
1.250563025
1.099706769
1.240118265
1.203331351
1.232331753
1.194850802
1.216465473
1.360813856
1.014182806
1.129768491
1.026129127
1.097339272
1.579550624
1.170760512
1.482392073
1.480817795
1.170605659
1.304962516
1.223364353
1.302298069
1.336505413
1.206090689
1.308197021
1.141653776
1.093773484
1.182149529
1.336103797
1.342865944
1.269486785
1.352591276
1.274479866
1.189586401
1.301548719
1.173519969
1.173404455
1.286376238
1.171589136
1.131520391
1.45475316
1.183241487
1.372721553
1.550451279
1.228720546
1.281262875
1.200782299
1.326595783
1.256397247
1.31914556
1.070032239
1.106756806
1.241141796
1.153405428
1.368144631
1.251067638
1.225835323
1.072852969
1.227242351
1.343771696
1.122588515
1.185819387
1.274634957
1.325743079
1.144183993
1.13574779
1.048781753
1.386109114
1.237708211
1.247668505
1.245480061
1.1991961
1.22823
1.435018897
1.361121178
1.218251824
1.432808518
1.32954073
1.355973363
1.223637581
1.104609489
1.027646184
1.150910735
1.119579315
1.223480582
1.256592155
1.18973732
1.142036676
1.348288894
1.128262877
1.168408632
1.141358256
1.246665001
1.196642756
1.157629609
1.29705584
1.302207708
1.439973712
1.257719159
1.052503467
1.243599892
1.229250908
1.136013865
1.170354247
1.333592415
1.140219331
1.068720818
1.229415178
1.090254903
1.031603217
1.24889493
1.358709574
1.277299047
1.288657188
1.060584903
1.101346135
1.212507606
1.057905316
1.224991083
1.161444306
1.133387208
0.995227993
1.087867737
1.053424478
1.0667696
1.054629207
1.152850866
1.123672605
0.919923306
0.936580658
0.892362475
1.061914921
1.358193278
1.068331599
1.2565732
1.201399207
1.077696204
1.176570296
1.138877869
1.104515433
1.122654438
1.051658511
1.231226921
1.033572674
0.920842469
0.993184626
1.126224041
1.295145035
1.106539249
1.155604959
1.150535226
1.090119004
1.075886488
1.005088806
1.136138797
1.123785853
1.104759693
1.110249758
1.316630363
1.114882708
1.350144982
1.413753152
1.031198621
1.124638081
1.116381764
1.164171576
1.08814466
1.288096905
1.048313379
0.901331246
1.202082515
1.06874299
1.208041906
1.17871809
1.062435865
0.953034759
1.198935866
1.107074976
0.926655591
1.090534687
1.124135494
1.102830529
1.084225535
1.00753808
1.140375495
1.181371331
1.139534354
0.968031883
1.034165144
1.104746103
1.002773046
1.33818531
1.133400917
1.099302173
1.191033721
1.220736146
1.216430902
1.157735586
0.969605029
0.845165372
1.153104424
1.058266878
1.034924269
1.127176762
1.067676783
1.088139176
1.19211483
1.068969846
1.045449257
1.064911842
1.190533757
0.963118911
0.987612009
1.191707015
1.181100368
1.35003376
1.055850863
0.93549192
1.020197988
1.147655845
1.065762281
1.054440737
1.226531863
1.04286015
0.963706076
1.123793006
0.914746404
0.985546947
1.142395139
1.213630319
1.217412114
1.203771591
0.872742891
0.999685466
1.162803054
0.904180169
1.096085906
1.012641311
1.021499395
0.877034068
0.990664184
0.967083335
0.924411237
0.988484025
1.015285373
1.107777715
0.805792153
0.845894098
0.760778189
0.779171944
1.39293766
0.962388396
1.199773431
1.155536056
0.873520255
1.069144607
0.965482771
0.891064823
1.031898141
1.013676167
1.09960413
0.905315757
0.879156947
0.912267745
1.057072759
1.184599996
1.034290433
1.125819445
1.049570203
0.974070609
0.895715177
0.91562885
1.000659108
1.097873926
1.00135839
1.081713557
1.19179976
1.023938417
1.242363334
1.361615896
0.96727097
1.109686136
0.948154926
1.163064241
1.071446061
1.170079827
0.937554181
0.90867883
1.079092622
0.921234548
1.059800148
1.095445037
0.956397891
0.902144372
1.114733338
1.113267899
0.947938621
1.035253882
1.095871449
1.08728683
0.921956539
0.898221076
0.999808013
1.002184033
0.999931097
0.918527246
0.969279885
0.954438806
0.945324302
1.207020283
1.060008168
0.99994874
1.131039023
1.085733414
1.148083568
0.897694767
0.97554642
0.81143409
1.016838551
0.980584025
0.97199285
1.02202189
0.981362581
1.02005899
1.096580982
0.99857831
1.03404057
0.925367236
1.063052654
0.926822364
0.919095159
1.195850134
1.103650093
1.288368344
1.035920501
0.91996038
0.99905926
1.076352715
1.006371856
0.944568753
1.109277725
0.944428205
0.850967824
1.082650661
0.873292327
0.925839126
1.019382
1.107130527
1.154569626
1.098735332
0.845339417
0.957746863
1.0907166
0.934337556
1.041993737
0.919781744
0.882300317
0.889467657
0.944735825
0.898966372
0.924490571
0.918074191
0.957957447
0.97542119
0.698847771
0.75559175
0.733174801
0.88962239
1.18909049
0.929272532
1.084643126
1.09326303
0.94591248
0.902582526
0.918358982
0.908242762
0.946260929
0.869089901
1.015265465
0.860628366
0.85455519
0.83882308
0.998737395
1.091960788
0.963469386
1.072422504
1.045542955
0.905943871
0.949897885
0.939681292
0.967590451
1.094128013
0.962116539
1.107529163
1.053166628
0.937686265
1.196229339
1.239452243
0.860653281
1.014676929
0.979029655
1.075473428
1.07031548
1.122145295
0.926908255
0.824216723
1.118547678
0.862026691
1.027907252
1.029283285
0.871426404
0.859004498
1.012586832
0.996039987
0.860114396
0.958277106
1.025642991
1.038881898
0.911247373
0.899712741
0.957919121
1.155962825
0.942709863
0.917945683
0.989805758
0.997381985
0.883304
1.188107967
1.07266891
1.004317164
1.124100089
1.14076829
1.170167446
0.964975178
0.916781604
0.818833649
0.985224724
0.939111531
0.94822073
0.952349782
0.916793168
0.996987641
1.080902338
0.958708405
0.946161389
0.921390712
1.053972363
0.946513176
0.946688056
1.06018436
1.068658233
1.206778646
0.991414547
0.867943645
0.942934573
1.037192941
0.954362988
0.892225921
1.162694097
0.92459178
0.87232244
1.061919689
0.911065638
0.899126947
1.083341479
1.068140984
1.045896053
1.102654696
0.911794603
0.856558084
1.106872678
0.815792382
1.044811606
0.90442735
0.979731143
0.804105103
0.921432734
0.858551443
0.867950082
0.885468304
0.949108124
0.949490011
0.726548672
0.790499628
0.689465225
0.790342331
1.12130475
0.900461435
1.067707896
1.019721508
0.895218134
0.906021774
0.945388317
0.88079685
0.916672409
0.883909881
1.03906846
0.898602366
0.837936103
0.832767904
1.00971067
1.091623425
0.979130268
1.026380301
0.966697991
0.927070558
0.917463005
0.861495972
0.848198414
0.945546985
0.91547823
0.975354016
1.136091113
0.872956991
1.208772182
1.206551433
0.905060768
0.917640984
0.953776479
1.062743902
0.966200173
1.117265105
0.890575171
0.791041613
0.963487327
0.879229307
1.005483747
0.995713353
0.877750814
0.752596438
0.988084555
1.050441265
0.81643194
0.92005074
0.973185778
1.001297951
0.870674312
0.89049542
1.03219223
1.069162607
0.998659611
0.9087286
1.01476872
0.949644923
0.9106372
1.12029469
0.965893567
1.02180171
1.085563898
0.980083466
1.10432303
0.991694391
0.868363976
0.775160849
0.882742882
0.90490824
0.887168407
0.906223416
0.880122364
0.949751318
1.004832864
0.959124207
0.870564103
0.843003094
1.082464099
0.857052505
0.905511856
1.080173492
0.947948813
1.152837515
0.957079828
0.830106258
0.948275208
1.04993546
0.944448888
0.850558639
1.087257981
0.876166523
0.803887606
1.038909197
0.833399177
0.839905262
0.971771359
1.063528657
1.126774549
1.175577521
0.84652698
0.905234277
1.024880886
0.806326032
0.9740569
0.913691998
0.984605432
0.867420375
0.878586709
0.933673978
0.817414701
0.857356608
0.905683577
0.899798632
0.726278424
0.728648901
0.737556458
0.812226832
1.064605474
0.89920491
1.071660876
1.041343093
0.828282595
0.945503116
0.849775255
0.861189961
0.950868785
0.84063673
1.0180583
0.827599764
0.816596746
0.860388815
0.987966478
1.06478405
0.951277614
1.092181921
0.99361676
0.874471903
0.890036643
0.815163434
0.889055371
1.021218061
0.931114078
1.000476718
1.088704944
0.875542343
1.130126715
1.191064358
0.897560477
0.996634781
0.954929352
1.038585901
0.932462394
1.00279212
0.826951265
0.721167207
0.983343959
0.87812978
1.058961153
0.990573704
0.825329781
0.759593308
0.98428607
1.016749978
0.828865111
0.973103523
1.011402607
0.962982595
0.910928726
0.81559217
0.965029776
0.979605436
0.961061656
0.908778608
0.974282324
0.964184701
0.826264977
1.091084242
1.029135108
0.904403508
1.082219601
1.074742556
1.013933659
0.929802656
0.869202197
0.709322214
0.905658901
0.846950948
0.928740859
0.911735773
0.901734054
0.983040452
1.017072916
0.895288169
0.859905481
0.913335681
0.995639086
0.827410519
0.870810211
1.002333522
1.013489604
1.088947535
0.919815361
0.831481159
0.967975378
1.045090318
0.92434305
0.839765251
1.070366979
0.938272417
0.777912319
1.060701847
0.86866045
0.841909766
1.032762647
1.07822001
0.941684961
1.081926346
0.847474277
0.841228127
0.998053372
0.847167552
1.090641975
0.825796306
0.886436522
0.825575411
0.908162892
0.87261951
0.840503395
0.86975503
0.895127714
0.959310949
0.662536919
0.759491563
0.685749471
0.747545958
1.184423208
0.836189389
1.053660035
0.91250968
0.772844613
0.903434694
0.846863925
0.782310128
0.914661229
0.83596158
0.943129599
0.821955323
0.798720002
0.802566051
0.887122869
1.052431941
0.932165861
0.979128063
0.968422771
0.921715021
0.890620232
0.870009661
0.914986074
1.024854898
0.850930095
0.966641963
1.149493694
0.872781038
1.088194728
1.154114723
0.916944504
1.021054864
0.85362494
0.966740072
0.946000755
1.093218446
0.901594579
0.775304914
0.946597934
0.850579262
0.986933529
1.035785079
0.904173493
0.714574635
0.987160087
0.935449183
0.812014878
0.929768324
0.924445748
0.946113586
0.866816282
0.932114005
0.942879558
0.924826503
0.937859833
0.80330807
0.928929687
0.901224256
0.843556046
1.099068165
0.999945819
0.827382207
1.07667017
0.985712469
1.132751226
0.875926077
0.838846266
0.752328694
0.902739704
0.850052476
0.878661811
0.913235247
0.89511925
0.913365364
0.916059375
0.89447397
0.862359107
0.814310253
0.96436435
0.908124089
0.941213489
1.004149556
0.94351846
1.160401583
0.943821788
0.831893444
0.897902727
0.986870646
0.868257582
0.955971122
1.154235601
0.917072833
0.782124996
1.001986146
0.859331727
0.834308624
0.939311326
1.081882477
0.962320745
1.001109481
0.752479553
0.761205971
1.009047031
0.771891832
1.017924666
0.864223778
0.863747478
0.78236717
0.870741844
0.814464629
0.757740498
0.8674317
0.852311432
0.91482079
0.658746898
0.655827701
0.621242583
0.740820348
1.092092633
0.810097098
1.02213645
0.922846496
0.773478448
0.879755616
0.824096978
0.835162818
0.881104171
0.83410418
0.958327055
0.815796316
0.775197446
0.769634843
1.005412936
1.030259252
0.932697296
0.989775538
0.988107204
0.908418715
0.850580871
0.835242271
0.840751767
0.969000697
0.887116194
1.014170647
1.088253975
0.852921605
1.133914709
1.214871407
0.858448565
0.944257021
0.958143413
0.925322235
0.945991337
1.055131197
0.798182368
0.814159811
0.971206427
0.819693863
0.954177797
0.966366947
0.87180531
0.766357183
0.978515506
0.974806428
0.841680348
0.917580307
0.902166307
0.92250663
0.893124998
0.900716543
0.954854071
1.002925396
0.968708038
0.855758429
0.985510767
0.924752951
0.816393793
1.14253509
0.944620967
0.933540344
1.058324933
0.959314287
1.045155883
0.914066911
0.861928523
0.672493756
0.948645532
0.810930371
0.85431385
0.867401183
0.897421002
0.99199909
0.973171473
0.905326605
0.883163333
0.891328454
0.986715078
0.92050451
0.91215688
1.007083416
0.986377954
1.173612118
0.87896347
0.81450659
0.886295497
0.984511375
0.91293627
0.875071168
1.051671624
0.84397608
0.765681088
1.021807671
0.79397285
0.873247921
0.983185589
1.030306578
0.99855721
0.98985523
0.742476821
0.790600717
1.005299211
0.741922021
1.032210708
0.809734702
0.857162416
0.738727391
0.898121059
0.832896531
0.823360562
0.851892889
0.83658725
0.89179343
0.654135108
0.716592312
0.644137681
0.802206993
1.120159507
0.894636989
1.024182081
0.952969551
0.7994712
0.825471222
0.822194159
0.901608288
0.904308498
0.813300908
0.918851256
0.817156374
0.820427299
0.772942305
0.939820766
1.072515607
0.877533972
0.962175608
0.977337122
0.833283842
0.855719268
0.836688459
0.920899689
0.981702864
0.837280452
0.946029246
1.088926792
0.896724105
1.132084966
1.197744608
0.879597187
0.955973089
0.96056354
1.007732272
0.931935549
1.032801747
0.790632904
0.767098129
0.952718079
0.845753074
1.006795287
1.014182925
0.82511282
0.731157362
0.894228578
0.950525403
0.814338624
0.958683729
0.939394414
0.987275064
0.819046557
0.852339208
0.898571253
0.957992613
0.960377336
0.819955468
0.879535794
0.918864667
0.912282109
1.104211807
0.974598527
0.919828355
1.040740252
1.044645309
1.042075872
0.900904715
0.84998554
0.721403837
0.966189086
0.830452323
0.880617976
0.878050566
0.877978802
0.978503346
0.995574892
0.929483294
0.897174656
0.879970074
0.993578851
0.763112366
0.921658814
0.988990009
1.047147512
1.121776462
0.869163334
0.752959847
0.875507236
1.050373673
0.894254982
0.891977489
1.014195323
0.926510751
0.792204618
0.958927751
0.815184057
0.905548513
0.919746459
1.008959055
0.953303337
0.999798357
0.801737726
0.822822094
1.00159359
0.794350803
1.000677109
0.864453673
0.813385785
0.763534606
0.884976268
0.881363392
0.795701802
0.773954988
0.85609287
0.859524965
0.67476517
0.687907815
0.680028081
0.831454575
1.089473605
0.83823967
1.014680862
0.965050042
0.83684957
0.901477814
0.897483349
0.778348565
0.885924339
0.772526503
0.982501984
0.833749771
0.79337734
0.78263247
0.89005059
1.015072942
0.904085636
1.013381481
0.90700388
0.869235814
0.834061444
0.820364833
0.855717838
0.990753472
0.893852711
1.01223743
1.100212336
0.872209132
1.096574783
1.149610758
0.744660616
0.9375875
0.893978417
0.922078669
0.986710131
0.995751262
0.798752725
0.762710392
0.985114217
0.828240514
0.989091277
1.01644814
0.749217868
0.774061382
0.99632591
0.904108763
0.745674849
0.886824608
0.897556543
0.960851073
0.801240742
0.817695677
0.934405982
0.913503349
0.879176557
0.810906649
0.855271041
0.896796048
0.845284939
1.087082624
0.933690488
0.873694897
0.96727103
1.019847751
1.085746884
0.898940504
0.908203006
0.712438285
0.949824572
0.825192511
0.834334195
0.869122982
0.90993309
0.882076979
0.963645577
0.944533885
0.809619963
0.857490599
1.014347553
0.803528547
0.888816297
0.95908165
0.903491557
1.14340663
0.88911128
0.757959366
0.896687865
0.993745089
0.895176232
0.869737864
1.09775269
0.904377282
0.766982496
1.008094668
0.893999755
0.76927346
0.977837801
1.040483713
1.036513925
0.917623878
0.813101292
0.861346245
1.016993046
0.794650078
0.976453066
0.83289516
0.869535506
0.78217566
0.887025774
0.832888007
0.822406828
0.781094551
0.85781002
0.878804743
0.594273388
0.734255612
0.63514334
0.751986921
1.030831695
0.858578563
0.993991137
1.028997421
0.822509825
0.868314922
0.837278485
0.861321628
0.811028957
0.801827729
0.936068118
0.815731287
0.859450579
0.817324758
1.008528471
0.982138574
0.860183299
1.015269518
0.928489745
0.857569754
0.850854397
0.801572442
0.860443294
0.930841982
0.881574929
0.915602505
1.045427799
0.886771619
1.094892502
1.224225163
0.865216017
0.953885436
0.902249813
0.959396422
0.964255333
0.920600057
0.761869133
0.752981961
0.903671503
0.747392476
0.968652904
0.916643739
0.81667763
0.743866146
0.976301074
0.988031566
0.775240004
0.984398603
0.901167989
0.911652565
0.871580541
0.821367502
0.887908995
0.957601309
0.979110181
0.805389762
0.900110066
0.905947447
0.874750733
1.076552033
0.96338433
0.877565145
1.010752678
0.964441001
1.018231034
0.847382188
0.805825889
0.722284734
0.950279713
0.830901563
0.820124149
0.873305261
0.8553496
0.944183588
0.974595487
0.838418543
0.825837612
0.922199726
1.004591584
0.810420871
0.873543978
0.997917652
0.923049986
1.13072598
0.971786499
0.77472502
0.885480881
0.995623767
0.83963275
0.821898997
1.084433198
0.844108641
0.782202125
1.03863287
0.790487468
0.814737797
0.952346385
0.996297181
0.956183374
1.052698731
0.824623227
0.797805607
1.029467225
0.797353983
0.982482851
0.854723871
0.861247122
0.767895997
0.910286844
0.822016358
0.816559613
0.824431121
0.830700636
0.866892636
0.675665677
0.714978278
0.620600104
0.718951404
1.042622089
0.832718551
1.024193287
1.038404942
0.75742048
0.868313193
0.80179733
0.819322288
0.870858848
0.810872018
0.955697298
0.796956718
0.79825592
0.805357397
0.921667278
1.08710146
0.85099721
0.967721164
0.956440985
0.875929236
0.829593599
0.831851661
0.834668159
0.920335352
0.95451045
0.955157936
1.027438521
0.802776814
1.139542818
1.154098749
0.849326849
0.953102827
0.906030715
0.980113745
0.871398211
0.972105145
0.829515159
0.704362154
0.898793638
0.814875901
0.921210289
0.911464393
0.811484993
0.735402167
0.89695704
0.967497051
0.800630927
0.954144895
0.928801119
0.923578739
0.828950167
0.856997073
0.874453545
0.994948506
0.938532174
0.783324599
0.906607747
0.858432531
0.879542589
1.101772189
1.019787669
0.916736782
1.015452385
1.044782043
0.977474809
0.880819798
0.861626565
0.701557338
0.870383501
0.849108279
0.884852648
0.888012469
0.863625109
0.915306568
0.976550817
0.91658169
0.883854032
0.866216838
1.005266905
0.869794846
0.901976407
0.960693538
0.907011032
1.080789328
0.873807609
0.74651885
0.93570888
0.998663783
0.876981139
0.859818399
1.145230532
0.860311031
0.782530367
0.967185438
0.778274596
0.753474832
0.991612375
1.040860772
0.960148156
0.99988544
0.826968074
0.849821746
0.985461831
0.716606319
0.944686413
0.82620573
0.928901613
0.733878493
0.849340141
0.793894887
0.822069466
0.853384256
0.921650231
0.845668435
0.629947186
0.763469398
0.626573682
0.781628251
0.950788081
0.836938202
0.991621494
0.946341753
0.807154238
0.862955987
0.836874723
0.846339345
0.814550579
0.827791691
0.976143777
0.800922453
0.818688214
0.756407976
0.869760275
1.070076346
0.887891173
1.00521338
0.882973015
0.795452774
0.808511496
0.781860888
0.843780279
0.958386838
0.875407457
0.949666202
1.053087592
0.872570574
1.109385848
1.202961445
0.779394448
0.949635506
0.919879913
0.96147722
0.954048872
1.020535946
0.80962801
0.760173619
0.962603807
0.878186285
1.015966773
0.942283034
0.800029874
0.773397863
0.979277432
0.97258538
0.751219749
0.869016409
0.900838137
0.892545938
0.88148576
0.800513744
0.78077817
0.925806642
0.921708882
0.815343857
0.863679767
0.979782283
0.811361253
1.110775232
0.987999797
0.89916116
1.009398103
1.024301767
1.032119274
0.895752549
0.889636934
0.694174767
0.884155869
0.812416255
0.846109569
0.823559284
0.894513547
0.907105565
0.959749043
0.892595589
0.885062456
0.796450675
1.041894317
0.845555782
0.812049627
0.957340479
0.950914919
1.141972065
0.950587928
0.741473734
0.886478305
1.050780535
0.885034025
0.814804375
1.080453873
0.911038101
0.737203956
0.994369805
0.809604466
0.744058549
0.956483662
1.010709643
0.8855142
0.992676675
0.726984918
0.904657066
1.015038371
0.760719001
0.929380536
0.837691665
0.900569856
0.780789554
0.91618681
0.792149544
0.777968407
0.81572175
0.876934528
0.90039587
0.617815077
0.759424686
0.622213066
0.70402348
1.252544403
0.82239902
1.059581041
1.042497396
0.825362682
0.849972546
0.846277773
0.856616616
0.875696898
0.829419792
0.933026254
0.81475693
0.781294703
0.742928743
0.898803174
0.989721656
0.906036019
1.014470339
0.911734521
0.86385715
0.804903567
0.868824482
0.863013089
0.908965647
0.847734272
0.92441988
1.025286317
0.840050042
1.06535852
1.185786724
0.783472717
0.963853061
0.916117311
0.99452734
0.926466644
1.026738167
0.804063559
0.746997237
0.924230576
0.82328409
0.943775177
0.945125937
0.835055351
0.693146527
1.014754057
0.99067843
0.748395145
0.887058079
0.870831549
0.904933095
0.838833332
0.884321928
0.878196776
0.95926708
0.944670618
0.908744097
0.868059695
0.900018454
0.831480682
1.111456275
0.970753789
0.885314524
0.980172634
0.916828632
1.027780414
0.96961683
0.772194445
0.659561634
0.917899668
0.819742918
0.897297084
0.860116303
0.803511083
0.880086422
0.987690866
0.83668983
0.869233906
0.870349884
0.974027157
0.829585612
0.871638417
0.963819861
1.001173615
1.085862756
0.951549649
0.780407608
0.879291236
0.953033328
0.908715963
0.869864404
1.086515784
0.89284277
0.745527923
1.042207837
0.793900371
0.790481985
0.897348106
0.979210794
1.038274169
1.029932499
0.754659355
0.841278911
0.927363575
0.705527663
0.978579581
0.892203689
0.80537343
0.739661336
0.843019843
0.82915926
0.826499164
0.862974823
0.815874696
0.858447313
0.65943259
0.658393741
0.637093663
0.777927399
1.152943254
0.755598664
0.962929666
1.05470252
0.823131502
0.841512382
0.829557359
0.803207755
0.78369683
0.77881062
0.882105947
0.75447911
0.797778606
0.750558853
0.913889647
1.054295063
0.890537918
0.933354557
0.939507365
0.888326824
0.870882511
0.794340909
0.82037127
0.926924586
0.965976477
0.961396098
0.977722049
0.85727334
1.044344306
1.106236577
0.82038343
0.977790177
0.929514229
0.956242204
0.917314291
1.032971144
0.768785059
0.751644671
0.918720603
0.850533783
0.870975375
0.903909326
0.816605747
0.76875025
0.965651095
0.955751598
0.812857389
0.933261156
0.908726215
0.956892371
0.8479231
0.814451277
0.872760892
0.990738571
0.886202097
0.843206942
0.916805446
0.972874045
0.88605988
1.096281767
0.951280713
0.914881647
1.074593425
1.000105739
1.061946034
0.908502996
0.797451973
0.725719512
0.834465742
0.859910488
0.846895099
0.865827203
0.914329708
0.874377728
0.999277651
0.889463544
0.852804899
0.892067492
0.965914488
0.873829663
0.903420568
1.000393033
0.917648077
1.082717299
0.938500166
0.757066011
0.829863489
0.898409426
0.876312017
0.826019406
1.109942317
0.87483573
0.750103891
1.014766097
0.848439634
0.836546838
0.974506974
1.039136767
0.972567856
1.026408195
0.793576002
0.843418956
1.004974484
0.752817452
0.924565554
0.851816416
0.862680256
0.717135131
0.867746472
0.822287619
0.739520609
0.822785497
0.87161243
0.899375081
0.614292264
0.72513926
0.699942052
0.758476973
0.944323957
0.751281559
0.998554945
0.965675116
0.845294356
0.921933949
0.835887432
0.846874535
0.853421092
0.790000916
0.956372082
0.765783787
0.797844529
0.769407272
0.985399246
0.968949914
0.915112019
0.962202609
0.884370267
0.868568718
0.85975498
0.794402361
0.929050088
0.9707582
0.862221837
1.001845956
1.078417182
0.85120827
1.113064885
1.125570774
0.841185391
0.988599002
0.891575158
0.987842917
0.921262443
1.075343013
0.850505531
0.766533136
0.96049577
0.824903727
0.949038565
0.941341698
0.830455482
0.743197203
0.926112056
0.971956074
0.77264744
0.914410532
0.886183321
0.91013056
0.85128051
0.772385359
0.908642232
0.905695736
0.909991801
0.81797421
0.894199073
0.879574478
0.838831007
1.087219477
0.998067498
0.94452852
0.972549856
1.005545735
1.038784742
0.860175788
0.835925817
0.671087682
0.874108851
0.798979104
0.785724461
0.902194142
0.880238891
0.853051543
0.971300125
0.944668114
0.907697022
0.837965369
0.920520127
0.82690227
0.907893717
1.012033582
0.997914135
1.117028117
0.900259078
0.745242238
0.855784357
0.982305527
0.88669008
0.800695419
1.08115828
0.883890629
0.704512477
1.005104065
0.817917705
0.843356311
0.962804377
0.986959994
0.963301003
0.973536789
0.784219682
0.780747712
1.060217619
0.768061876
0.969516635
0.815538168
0.847872853
0.768240988
0.86564368
0.873218954
0.81189698
0.844724715
0.81232065
0.839616001
0.663833141
0.699727356
0.621807873
0.796437025
0.892542303
0.819416702
1.021412253
0.964286864
0.783369124
0.883938372
0.780049324
0.782953918
0.814137638
0.850396156
0.841843128
0.756569445
0.780933738
0.80292505
0.917175591
0.972855866
0.879782736
1.03712821
0.94023031
0.825103402
0.861000478
0.757676363
0.861727059
0.902255833
0.876236916
0.951710403
1.019625306
0.782557547
1.069388747
1.122846484
0.768700182
0.87986505
0.958368421
0.966907203
0.951399088
1.042559266
0.791906476
0.719619989
0.869632244
0.798409402
0.976374626
0.976908326
0.768463135
0.72293216
1.046661258
0.939800322
0.751202464
0.894058287
0.934108436
1.03618753
0.889046252
0.818785965
0.795809269
0.968112469
0.932260633
0.890105605
0.887175024
0.904769182
0.854607344
1.060351729
1.001116276
0.902886033
0.969795346
0.97066921
1.017186165
0.874270082
0.850622237
0.650711894
0.989262044
0.845145524
0.881441653
0.907656431
0.876895428
0.939236939
0.94452095
0.903523862
0.843287826
0.823010385
1.001405954
0.872877955
0.88033855
0.919636607
0.940966964
1.121531129
0.847944915
0.729878187
0.933274508
0.99085182
0.875165105
0.863675356
1.14445436
0.875790477
0.768769741
0.995931745
0.794836938
0.818299055
0.962165117
0.982746601
0.873462498
1.028065801
0.773580074
0.798533142
0.953791499
0.75556314
0.946722746
0.861831427
0.894728541
0.72784698
0.845321774
0.813427389
0.842967749
0.85643363
0.81119597
0.890018404
0.658003211
0.735812128
0.606651962
0.716040075
0.937944353
0.823669076
0.962798238
0.892222166
0.809657335
0.883571684
0.807372332
0.839015305
0.885965526
0.783170938
0.980913222
0.786234319
0.795528889
0.810318112
0.903738439
1.016898036
0.872885108
1.033020616
0.959594488
0.850563645
0.883831263
0.816995502
0.862150908
0.949058592
0.861513853
0.955714166
1.044872046
0.870610416
1.083648086
1.096413016
0.848713994
0.882960081
0.90505451
0.991746366
0.88213855
1.007198334
0.790341079
0.741534352
0.930901527
0.736290276
0.982995808
0.986240923
0.81880033
0.689836502
0.904258072
0.885265768
0.880404294
0.929168224
0.86600405
0.923604131
0.888586164
0.844275653
0.861005306
0.944299757
0.846937954
0.809610486
0.907907188
0.905508757
0.778917491
1.082694173
0.977811575
0.868714511
1.029025435
0.971945643
1.038800478
0.859893501
0.890018344
0.752208292
0.928871214
0.783344686
0.861776173
0.917395711
0.81100738
0.847375035
1.003181338
0.898248851
0.825097561
0.901994705
1.027658105
0.894861042
0.838875175
0.966841161
1.006875873
1.047132254
0.963561058
0.766284525
0.873266876
0.964571893
0.850592852
0.870028973
1.060616851
0.879533112
0.786197543
1.002292871
0.837428987
0.800911725
0.978129268
0.994959414
0.941568971
1.040196776
0.780724645
0.858813643
1.010716558
0.743422925
0.911113501
0.841656446
0.85013628
0.782829404
0.855143189
0.833400071
0.723271549
0.857101858
0.83775562
0.817866623
0.639261663
0.716008246
0.595409751
0.71241945
0.929654419