2.32534647
2.236498117
2.117631674
2.024754763
1.938903332
1.893942595
1.813584924
1.718462348
1.635964632
1.597596645
1.519109249
1.452995181
1.372336626
1.403672457
1.453594446
1.314093232
1.282076001
1.248987436
1.14754951
1.116240978
1.067962646
1.050676703
1.08145988
1.028846383
1.098198295
1.052443743
0.937232792
1.043503046
1.101408839
0.87965399
0.943900764
0.929827332
0.850464523
0.910656631
0.96568048
0.780268967
0.74730736
0.813052058
0.704845786
0.801501632
0.795263648
0.713484824
0.636589706
0.796231985
0.719676733
0.691435277
0.708206058
0.711146235
0.733032465
0.63269794
0.630080819
0.681473672
0.685178339
0.666494668
0.572712541
0.632807791
0.641355515
0.585682511
0.822172523
0.664942086
0.664977968
0.749418974
0.653758287
0.692694068
0.614628255
0.57589817
0.459153891
0.61495322
0.590880752
0.54271543
0.527298748
0.532590806
0.587610781
0.619336605
0.56785351
0.520399928
0.517312527
0.636937857
0.514062703
0.510629773
0.615430474
0.551027298
0.65446049
0.560659647
0.477165967
0.510006726
0.596354067
0.504656613
0.520892262
0.559210241
0.543182433
0.458493292
0.552222729
0.505236387
0.420908302
0.554228783
0.597028613
0.520142376
0.587264597
0.461569607
0.420536637
0.567997098
0.449926525
0.578157961
0.450759947
0.482098967
0.426222086
0.487494379
0.428322345
0.399030298
0.424779683
0.441603273
0.451841325
0.319969177
0.345035821
0.288646221
0.330176145
0.495388478
0.424182355
0.531394005
0.538484156
0.387732476
0.40825209
0.444909185
0.435883194
0.391895503
0.385748416
0.461538166
0.437838495
0.394657731
0.370809197
0.455106437
0.507716894
0.475793511
0.510123134
0.518713892
0.421483606
0.417226195
0.369726598
0.396799356
0.50569731
0.428658456
0.523761392
0.500669897
0.388849705
0.577709854
0.632428527
0.399756551
0.44947809
0.455721498
0.43129313
0.50866437
0.51050204
0.344177514
0.374122679
0.429060757
0.367723197
0.421990395
0.51767534
0.369693249
0.356592655
0.471931726
0.432465345
0.394566238
0.423525959
0.442744404
0.471795708
0.390572041
0.384077549
0.448386788
0.460175633
0.45298928
0.361749947
0.456193358
0.414692163
0.402662784
0.571095169
0.457300335
0.480234712
0.542171836
0.497714311
0.504515231
0.451139092
0.402465999
0.291761667
0.458838016
0.418828011
0.393152773
0.385137379
0.401116043
0.446386278
0.501639366
0.405641735
0.391041934
0.411357462
0.487541348
0.366417557
0.358709037
0.492462009
0.42297852
0.532413185
0.471870005
0.347483784
0.393740147
0.475249767
0.412837893
0.400222212
0.467535377
0.452438712
0.354667157
0.452457011
0.369269937
0.340653867
0.467089206
0.518357515
0.423793048
0.513334632
0.36031425
0.341812789
0.493698508
0.371057421
0.492463648
0.366024762
0.388809055
0.326546729
0.408983409
0.37495032
0.31074807
0.377822369
0.360580504
0.373939902
0.248800218
0.26132229
0.233942851
0.313894123
0.40170005
0.378930658
0.462731242
0.473394006
0.332939386
0.320032835
0.381964773
0.33850953
0.35258916
0.348977089
0.386385709
0.384574562
0.345657527
0.327058375
0.405353278
0.424393028
0.405725837
0.460666478
0.479037017
0.385716558
0.374252528
0.31703648
0.379358143
0.452819347
0.373143226
0.497901857
0.444614947
0.35361433
0.491255522
0.566626966
0.333558589
0.415627301
0.419151664
0.396548152
0.40772295
0.463760734
0.293174267
0.338239521
0.383046389
0.336298376
0.3856574
0.468851596
0.349411935
0.300931573
0.413897812
0.37824595
0.385458082
0.406586289
0.39013055
0.419002444
0.373138547
0.325881481
0.404783279
0.394153178
0.416729361
0.330033571
0.445999712
0.360624641
0.358286321
0.511109531
0.418397516
0.462715805
0.496040046
0.412701756
0.44307071
0.387174428
0.368816823
0.241258085
0.418742031
0.376512289
0.338148832
0.335046709
0.362293035
0.436145991
0.481152594
0.358235657
0.344197273
0.373163939
0.436208159
0.332122743
0.346669525
0.431844056
0.377901644
0.497152448
0.434360176
0.330134124
0.35877642
0.434998393
0.364220202
0.387019187
0.421186239
0.419651181
0.307455152
0.406996012
0.377485722
0.295525044
0.419154316
0.479267687
0.390068173
0.51079309
0.335213631
0.317429215
0.438369721
0.338715762
0.475381821
0.333297461
0.35519439
0.318830132
0.381314009
0.328548878
0.282173812
0.331668377
0.314242125
0.342985809
0.228671029
0.249685466
0.215252653
0.29006353
0.410438985
0.355502993
0.432300121
0.451088607
0.303805113
0.307247877
0.341253996
0.327504396
0.330272526
0.326583177
0.357428282
0.354524136
0.334440917
0.30256477
0.391311228
0.394100398
0.386104524
0.432908624
0.461738914
0.38303718
0.338215947
0.284433633
0.322977692
0.421972573
0.368400782
0.461460114
0.419323295
0.316343397
0.484101653
0.549717605
0.335477412
0.379580319
0.398407012
0.371367484
0.400443435
0.445428193
0.284389704
0.313936859
0.352577239
0.322622061
0.362134248
0.473182887
0.307572246
0.300434768
0.373560935
0.354981154
0.336900055
0.392803341
0.342032045
0.384778321
0.341006786
0.300816804
0.386624575
0.418040603
0.410122573
0.303197473
0.399999946
0.34401232
0.355064094
0.488315403
0.39834401
0.442996085
0.480610609
0.376295865
0.455166519
0.376552105
0.342592746
0.226896092
0.405589789
0.339549631
0.342265517
0.334022015
0.35181877
0.445881516
0.433191091
0.344720572
0.328076899
0.358624011
0.404709935
0.323186219
0.314479858
0.443487018
0.364006788
0.457193822
0.416897774
0.303212821
0.336423814
0.380829573
0.345414251
0.373670578
0.422391713
0.412442684
0.296513617
0.401741654
0.331141591
0.291904241
0.405456662
0.465461165
0.375439018
0.479383111
0.313849181
0.29219377
0.434142023
0.332162887
0.472202659
0.326315373
0.366878718
0.302009642
0.371420056
0.321991056
0.264956594
0.328119844
0.285894275
0.344664246
0.22499688
0.237477705
0.201154798
0.281095713
0.372807413
0.342423797
0.401644707
0.448104084
0.273189217
0.290928364
0.351153433
0.308012336
0.30923897
0.313643545
0.347975701
0.341675967
0.31581977
0.290758759
0.386947036
0.376139522
0.396962613
0.417494357
0.443895936
0.359933257
0.318530381
0.276374459
0.332276165
0.415713161
0.33660838
0.451474398
0.411839098
0.316119164
0.464315981
0.528345644
0.31308037
0.346520424
0.384896219
0.371655196
0.388102531
0.424485952
0.26225695
0.296593815
0.342441112
0.319330961
0.349186778
0.45488447
0.300267637
0.298567742
0.38186866
0.361770451
0.350849628
0.348144829
0.360236168
0.39750883
0.33609122
0.300603032
0.384896636
0.407354712
0.380682051
0.299690157
0.404479176
0.33460328
0.351070791
0.476042062
0.384493113
0.421741992
0.465655476
0.387808025
0.424812824
0.361559659
0.355096519
0.219041988
0.417120516
0.348257542
0.324527472
0.308211386
0.380143136
0.437076867
0.443037599
0.325614721
0.339618146
0.351885527
0.387708366
0.319945604
0.307891905
0.417146564
0.347606122
0.474436313
0.406814903
0.287573248
0.336094409
0.396139503
0.337746203
0.361425072
0.393349558
0.387299806
0.294630587
0.396484971
0.330426067
0.288916618
0.396863103
0.428794324
0.364444256
0.471136838
0.306779742
0.30171451
0.425267696
0.330946386
0.462152421
0.307479709
0.353485316
0.293175817
0.361659229
0.318594486
0.269623011
0.32205376
0.280946225
0.324431777
0.202100962
0.265987515
0.205610007
0.288612485
0.331748575
0.335590154
0.411351979
0.440050334
0.280242503
0.290139318
0.330119222
0.303701639
0.323028743
0.315393239
0.359277278
0.33367756
0.310804486
0.272561103
0.385095924
0.374235243
0.361623555
0.416608006
0.454737663
0.357747912
0.325059921
0.262239218
0.316261977
0.423384696
0.346894175
0.441307098
0.419218987
0.312374026
0.457267135
0.524217308
0.314782023
0.344768614
0.372703373
0.34736222
0.390967935
0.424820453
0.267165631
0.2833381
0.320525348
0.301696718
0.330892146
0.425878316
0.298610151
0.279142708
0.362426341
0.35013783
0.347403705
0.354752272
0.366276979
0.389879256
0.314086437
0.29267025
0.387349904
0.383725196
0.372828484
0.280554652
0.379286349
0.328390211
0.341174185
0.45357427
0.393454015
0.417187124
0.45553717
0.396215349
0.415420949
0.355516315
0.327684075
0.212025523
0.397200227
0.331672847
0.297154278
0.319225848
0.369920075
0.415774941
0.423313856
0.336053997
0.324350357
0.347028613
0.402579635
0.310381711
0.317781806
0.401830047
0.330269665
0.475964189
0.415261596
0.291512847
0.340043157
0.400035262
0.338989109
0.362886071
0.398429364
0.375073224
0.277670771
0.382237732
0.332201183
0.299216598
0.369800568
0.416898787
0.362592578
0.475663364
0.304555804
0.285713345
0.417654097
0.328939289
0.443388402
0.292884201
0.336178899
0.291208774
0.350427747
0.321524769
0.266229689
0.325140536
0.280059546
0.3272973
0.212519467
0.236373633
0.200096413
0.263403624
0.347699672
0.344914228
0.40408358
0.412786841
0.291121602
0.278439283
0.333994567
0.302143246
0.297412843
0.30561021
0.339714885
0.348700345
0.302970052
0.270759523
0.373002917
0.364320517
0.366836816
0.39954707
0.439685225
0.360946923
0.317951232
0.259458005
0.320374936
0.412655264
0.331805825
0.427411407
0.403377473
0.308241129
0.46412161
0.505464375
0.291779816
0.349725455
0.364619762
0.33616823
0.355260938
0.420236409
0.264117509
0.298046291
0.338680178
0.270962447
0.326177001
0.443234473
0.286289334
0.275835782
0.361702889
0.345748276
0.327983767
0.355665833
0.342835039
0.397523403
0.310427964
0.287936389
0.366555065
0.375513047
0.375683606
0.288760453
0.397782922
0.324270725
0.333329946
0.460742533
0.35909611
0.405883521
0.445147991
0.375828505
0.40741688
0.345134884
0.329965234
0.211260021
0.380482674
0.343285114
0.312494427
0.313319951
0.329283983
0.409093708
0.437801272
0.329389185
0.317172736
0.371900588
0.388814956
0.293604434
0.305807948
0.393638402
0.336045712
0.457636088
0.386066467
0.287284255
0.326648474
0.378151268
0.356145829
0.34140408
0.401497453
0.36778459
0.289589077
0.373727322
0.331112981
0.303757578
0.37929368
0.44495824
0.364441484
0.46441713
0.306878567
0.271933794
0.420328617
0.325099111
0.453263849
0.311442435
0.342865139
0.279178917
0.364746273
0.307635218
0.261120409
0.305873036
0.268568993
0.341623873
0.205017656
0.246147811
0.192990854
0.267473489
0.33163029
0.304593772
0.387086064
0.432235628
0.276405305
0.265323013
0.326216131
0.286944002
0.314703673
0.289232373
0.328712672
0.342345387
0.312747747
0.26100561
0.349699825
0.345312148
0.362557948
0.417066038
0.446747482
0.330979645
0.317059427
0.279232383
0.288205236
0.417443484
0.320676357
0.436098188
0.402715087
0.315846771
0.445843339
0.508952796
0.319321483
0.354709923
0.355157107
0.354322106
0.368383884
0.434108287
0.25777173
0.287539124
0.331134528
0.291329622
0.334896803
0.43533206
0.286289275
0.274330884
0.34855181
0.366193891
0.310452253
0.35229528
0.348141223
0.375845879
0.341138422
0.278689533
0.361801773
0.378867447
0.377738237
0.294264525
0.392210752
0.308072805
0.337583691
0.444396853
0.347181648
0.432846308
0.449806333
0.372155666
0.393883944
0.332885206
0.333098024
0.207989529
0.403858572
0.31451714
0.312389076
0.29964301
0.35376057
0.397444844
0.432639509
0.325313687
0.311990052
0.351958156
0.387522101
0.29630518
0.31306085
0.387122154
0.331571043
0.468694836
0.420879066
0.273113042
0.332953602
0.387063533
0.331684858
0.36257571
0.39542219
0.384411067
0.280336112
0.393131256
0.313212276
0.280920625
0.378929526
0.433279365
0.343333781
0.459854126
0.282580614
0.290736943
0.423979998
0.338291496
0.433026284
0.297061741
0.339560837
0.288446873
0.342739344
0.310006768
0.264820367
0.302822232
0.267917544
0.31298089
0.2018767
0.238168463
0.211101249
0.265049249
0.344079584
0.317045659
0.369740039
0.402787119
0.268038839
0.264036417
0.319542885
0.300415516
0.290958732
0.287990391
0.33559531
0.327356905
0.295233905
0.260414779
0.367620468
0.358614802
0.352584064
0.424426317
0.446265131
0.340467066
0.317701936
0.239859968
0.322614729
0.409687281
0.31897071
0.439604193
0.397201627
0.301881045
0.474275619
0.49853459
0.301949203
0.330241114
0.359582484
0.354647577
0.376951844
0.404435903
0.270236194
0.301746905
0.345652729
0.307282954
0.327798426
0.42945388
0.275915325
0.269462258
0.345025241
0.349157393
0.31931144
0.328651518
0.329896063
0.391718239
0.322898537
0.303436786
0.355039775
0.368510306
0.356053859
0.278490275
0.392483592
0.306686223
0.332978815
0.443213761
0.33528161
0.423423707
0.456130445
0.368511349
0.422364622
0.339657307
0.319459647
0.207442969
0.384265304
0.310373873
0.309287488
0.297184259
0.329874873
0.430081367
0.450066119
0.317992389
0.311256379
0.351346433
0.382427841
0.296991259
0.300765038
0.397893012
0.353429854
0.455643594
0.39931491
0.266281456
0.344716281
0.39208129
0.346531779
0.346282333
0.385733545
0.396955878
0.289269209
0.388340414
0.322164357
0.284754604
0.382827163
0.401758432
0.355497181
0.465463609
0.289219201
0.287539035
0.411551565
0.327469289
0.424017876
0.305049121
0.342299819
0.277883649
0.345217645
0.296911865
0.269880712
0.30677703
0.270610601
0.323684722
0.199206784
0.224108651
0.20649372
0.283117205
0.333850145
0.31994608
0.395266891
0.431228638
0.270836294
0.261669815
0.331507564
0.285435051
0.328100175
0.292244047
0.341206312
0.32419318
0.299433321
0.274712652
0.35926944
0.359140813
0.357483059
0.413940191
0.438012362
0.356739044
0.299744815
0.25670436
0.303334326
0.427572489
0.359904379
0.433237225
0.397061646
0.302219689
0.439667255
0.483619452
0.302596629
0.346277803
0.36399743
0.330509722
0.378028601
0.424601585
0.260198653
0.291822463
0.329291195
0.290189147
0.308018535
0.439352989
0.281214088
0.26383996
0.346391499
0.349905163
0.323303998
0.345568687
0.338032395
0.391143888
0.328868061
0.291392177
0.356359124
0.38862586
0.365542024
0.304480076
0.414013088
0.294054061
0.336177409
0.439421564
0.357595026
0.420754164
0.4614425
0.353114247
0.409013033
0.335267305
0.318327934
0.210168198
0.390280724
0.315005034
0.287113935
0.300572783
0.321066707
0.41116485
0.428929567
0.332022965
0.298461109
0.349518776
0.359358191
0.288588285
0.294528753
0.402139336
0.334647626
0.47466287
0.390568733
0.268201381
0.322228372
0.380176067
0.34722501
0.345270216
0.394926846
0.392387569
0.285011083
0.372007519
0.296468168
0.298553228
0.384794444
0.419574261
0.355858177
0.477931589
0.280296534
0.294472814
0.406722337
0.319790989
0.433784455
0.301372588
0.329847962
0.279589266
0.366170257
0.303756863
0.266317546
0.31003508
0.276051193
0.324173361
0.208401263
0.228435338
0.197844028
0.275937378
0.338103145
0.319031328
0.375816822
0.417059302
0.277098507
0.289910883
0.3186014
0.293326855
0.291335166
0.288670123
0.325924814
0.334520757
0.295056999
0.249608099
0.374657094
0.361791641
0.348146111
0.419437736
0.418156892
0.360418886
0.308528543
0.257549793
0.307433546
0.392730236
0.328523487
0.415078163
0.397523701
0.321927756
0.452114433
0.495598793
0.306662589
0.32968533
0.338659585
0.35552302
0.353913128
0.421547115
0.243595004
0.27060014
0.327452809
0.289081246
0.325336099
0.449400872
0.287982523
0.276135266
0.361756235
0.344863087
0.315560848
0.34733507
0.332588047
0.37432155
0.316211343
0.286388159
0.364710748
0.390119135
0.357035846
0.286195636
0.409480453
0.315510273
0.336677581
0.446108341
0.336997509
0.406227916
0.453041166
0.349048644
0.434222788
0.338994175
0.33113873
0.201672971
0.383010745
0.323039472
0.282483578
0.299009293
0.327018112
0.39785701
0.420864344
0.318794489
0.307083577
0.324026465
0.397192121
0.299803674
0.283097953
0.405234963
0.330154151
0.443942457
0.382589012
0.274892837
0.30971691
0.358407348
0.351563185
0.34175685
0.394893587
0.398226649
0.28693375
0.383694381
0.321420103
0.27847743
0.362530053
0.41927889
0.334359676
0.451978445
0.298310488
0.280291528
0.406483859
0.331355035
0.443286836
0.288279116
0.334314644
0.276594967
0.352339745
0.311064035
0.269833893
0.293762922
0.262460977
0.313244134
0.192644209
0.239104852
0.198269278
0.273172289
0.337072462
0.329886198
0.393146515
0.423410714
0.286527306
0.258252621
0.307814002
0.301335424
0.304017872
0.308194369
0.324667275
0.355226338
0.289649159
0.261625558
0.358444542
0.344560444
0.353976041
0.412632555
0.42654556
0.344947278
0.283569187
0.263355613
0.292064488
0.403530538
0.342814952
0.43442294
0.411686867
0.308376551
0.433418304
0.499031812
0.296710581
0.323352188
0.367949307
0.353226066
0.378948003
0.38333559
0.261379302
0.301673204
0.317596495
0.281595469
0.316695958
0.442470133
0.302339464
0.275550038
0.351922601
0.325460434
0.302061528
0.360587865
0.324338347
0.37635833
0.313219607
0.275598049
0.364367098
0.390560478
0.387003809
0.281945407
0.385306925
0.329735786
0.335255563
0.444143772
0.352213264
0.411886305
0.449397683
0.363792598
0.399986237
0.327368766
0.331490904
0.218175858
0.389799029
0.306048751
0.294886231
0.29978472
0.364223003
0.4037489
0.427891731
0.337541729
0.31261605
0.330740511
0.364384711
0.290904731
0.291181326
0.40236488
0.315798521
0.440230191
0.394591749
0.286654294
0.320700586
0.362759203
0.341425359
0.34752211
0.407750189
0.392341048
0.27421546
0.372400612
0.318168461
0.258075029
0.376606137
0.423164934
0.356486589
0.477867603
0.279328257
0.27728796
0.400612026
0.316072553
0.454446018
0.292836696
0.336285561
0.291658759
0.352344811
0.311363906
0.25933063
0.290577412
0.259744734
0.307368249
0.206336513
0.232963279
0.183999225
0.269284695
0.317492932
0.316453576
0.379889607
0.413547903
0.277552605
0.260805547
0.316475064
0.281131655
0.289354384
0.309871852
0.304404885
0.324769676
0.299613893
0.286172926
0.35661763
0.340842664
0.350313783
0.41748023
0.439091206
0.359195381
0.317695469
0.244096875
0.314133048
0.411343485
0.336748868
0.45717445
0.391858935
0.298656702
0.443545431
0.510472536
0.308175862
0.34699446
0.371875763
0.337911576
0.375178516
0.412918031
0.250083804
0.301159203
0.341237068
0.295006722
0.320718646
0.450361997
0.268565238
0.26157245
0.355486691
0.33778438
0.325916916
0.330959857
0.33416459
0.389803797
0.319367379
0.263089091
0.364138782
0.379356503
0.364775121
0.294312507
0.38840133
0.304268777
0.318829894
0.447047502
0.367165178
0.417215943
0.450845093
0.357548207
0.398866504
0.332562923
0.333349735
0.214533135
0.366636097
0.305365831
0.285325944
0.294791222
0.333298057
0.408260524
0.444705069
0.319452614
0.31280449
0.340364426
0.363955706
0.288059682
0.29706651
0.416035682
0.314053118
0.436941862
0.393908769
0.272578478
0.31869337
0.369331539
0.341510326
0.350844234
0.393396676
0.387114912
0.274697304
0.394597918
0.322759449
0.28903234
0.364185721
0.429702222
0.357620686
0.454063714
0.292514861
0.286222845
0.392907411
0.339923203
0.437402993
0.294701904
0.346560776
0.278710008
0.345049679
0.318270564
0.274915785
0.304540366
0.271350175
0.32023406
0.207439184
0.244574144
0.185226113
0.268525153
0.326068372
0.312540561
0.375299841
0.423345029
0.27169925
0.273364335
0.311758697
0.294949532
0.292025626
0.294579893
0.32346347
0.330043763
0.297770441
0.252847612
0.359363019
0.338511527
0.356173128
0.437037796
0.435861349
0.358938694
0.292766601
0.255309701
0.310162604
0.395931363
0.325299561
0.422923744
0.416465074
0.298088312
0.457720786
0.499777913
0.286623627
0.331834316
0.365898341
0.325853825
0.369833648
0.408579409
0.257964373
0.267973214
0.319451451
0.290013939
0.320161372
0.432649523
0.29041189
0.262565315
0.35883534
0.339678943
0.310497522
0.354912937
0.332691133
0.392255515
0.312343299
0.319883436
0.358012617
0.389219075
0.385752261
0.27592802
0.368283629
0.298702151
0.329628855
0.441394776
0.337359488
0.412925124
0.444664091
0.340476125
0.415007085
0.331913084
0.327642173
0.211221457
0.400887638
0.316925526
0.286721915
0.28837049
0.348266333
0.388316631
0.419808626
0.324107766
0.323003262
0.365074188
0.373086661
0.295539051
0.292861521
0.39386186
0.321989834
0.431428403
0.382523358
0.287632704
0.317269087
0.365288466
0.346575469
0.341302067
0.383478373
0.396595508
0.280343443
0.36744526
0.295958698
0.287545979
0.370952547
0.413302869
0.349171549
0.44923234
0.292503536
0.292056799
0.406656414
0.314222276
0.438627392
0.291959882
0.313840836
0.282687962
0.352563798
0.304732651
0.248387992
0.297824711
0.271354109
0.32441169
0.218434006
0.224035293
0.195994645
0.248286068
0.305314839
0.328198284
0.373127341
0.408716798
0.259617597
0.268936574
0.328402966
0.2859869
0.308652192
0.293521106
0.322943687
0.339374214
0.295892656
0.250194579
0.346516997
0.357094586
0.33125931
0.384507924
0.42289716
0.345106304
0.310893714
0.246768415
0.297080398
0.385795802
0.343538404
0.439447314
0.374540538
0.296500146
0.457477868
0.514089525
0.296504915
0.314935356
0.357281834
0.345124394
0.359009236
0.391617656
0.256164432
0.281644315
0.31903249
0.286718071
0.335178912
0.436024636
0.279144347
0.289524049
0.339963049
0.346813679
0.297552079
0.34124732
0.331095159
0.386155158
0.308069557
0.285543948
0.355451733
0.366531909
0.366500795
0.283449262
0.398035437
0.301911592
0.31899789
0.439634502
0.355943948
0.405296236
0.460918695
0.37130338
0.398873985
0.335752547
0.340598613
0.18996729
0.390972733
0.326156795
0.288712174
0.283477426
0.326024264
0.386103362
0.431491077
0.354977727
0.320248365
0.34224993
0.364718556
0.29309383
0.303295702
0.386660457
0.322813749
0.476175755
0.377109915
0.2913118
0.305517942
0.379475981
0.332985103
0.328851819
0.377022713
0.400592536
0.273548186
0.386319429
0.324821115
0.2926687
0.347237051
0.429065555
0.354834288
0.474020123
0.28436783
0.288059562
0.395860344
0.326981187
0.431488842
0.303558886
0.340153635
0.278163731
0.336591214
0.303636909
0.258562863
0.302229702
0.267386526
0.310854405
0.191625029
0.23475416
0.207604975
0.274366975
0.291942328
0.316843569
0.393855661
0.420874149
0.273017436
0.275720626
0.325844407
0.286232084
0.320935547
0.298933208
0.342095226
0.334858119
0.295220256
0.263383925
0.359520406
0.360885888
0.354919255
0.392333329
0.419504017
0.33920151
0.308861196
0.248949409
0.318903178
0.397236794
0.332260996
0.426649362
0.401999742
0.298072726
0.439946324
0.499673873
0.301163673
0.322844595
0.344023585
0.314998686
0.374910831
0.411288202
0.243909985
0.27605772
0.322514951
0.279330373
0.322577178
0.431056738
0.280719072
0.265963674
0.337255031
0.348038703
0.318528205
0.346605539
0.329087824
0.353570163
0.309800893
0.286617696
0.367645413
0.378545046
0.367099911
0.277412534
0.378114849
0.309880108
0.316607267
0.456578016
0.364224076
0.422193617
0.442040473
0.360640943
0.398756534
0.322309762
0.327077836
0.209628835
0.398151934
0.310021013
0.295781106
0.297083706
0.340435654
0.413774878
0.419141829
0.336190403
0.315984458
0.35318765
0.374414355
0.292776048
0.29432711
0.367476612
0.31811139
0.449773222
0.369631976
0.272423655
0.331809759
0.364192426
0.339001626
0.3531048
0.387831241
0.394946188
0.27258867
0.386501729
0.308750361
0.279625714
0.376811087
0.418388277
0.342405349
0.466916919
0.288806528
0.272590071
0.400798261
0.325662941
0.434070736
0.277893662
0.350797534
0.275722802
0.362598419
0.308443397
0.260263145
0.306902856
0.262913048
0.314458221
0.208532035
0.22944364
0.209949166
0.258383334
0.335638136
0.318164736
0.380516887
0.435309678
0.253594607
0.259307772
0.308915764
0.284189701
0.305369079
0.287620217
0.33441937
0.31312567
0.300368816
0.253281027
0.353604555
0.356280148
0.355141312
0.408320725
0.42405659
0.333530307
0.295360416
0.255702436
0.298649311
0.392274201
0.342047781
0.425073624
0.404619485
0.29400456
0.433201462
0.484329253
0.309111863
0.330657661
0.348659873
0.333640397
0.36384511
0.398425311
0.254012913
0.283117563
0.32660979
0.297916889
0.31495747
0.457969368
0.297655612
0.264014721
0.331073999
0.348653316
0.334164172
0.32845816
0.326907754
0.36629194
0.334334165
0.297015637
0.367148817
0.368050784
0.365611613
0.283109814
0.369331986
0.292740643
0.326258987
0.444195867
0.353091955
0.418704391
0.435338646
0.335217476
0.404601961
0.332180381
0.322981596
0.190582916
0.368557781
0.317056894
0.293828338
0.301900744
0.351442069
0.409302652
0.402171016
0.336350054
0.323134601
0.351098865
0.379368395
0.305577099
0.300953388
0.400782257
0.34238553
0.44295004
0.386659533
0.279863149
0.326944172
0.379046977
0.344542295
0.362405062
0.381737471
0.402386487
0.276279509
0.361890972
0.306721628
0.28233102
0.385347843
0.417547286
0.345776737
0.463372886
0.293229818
0.273283005
0.417517513
0.331859499
0.447582483
0.300614059
0.325597256
0.283383369
0.332353979
0.317170888
0.254640847
0.299728453
0.254079521
0.318952084
0.20887816
0.235201985
0.189069226
0.276735038
0.335854083
0.318154573
0.390994877
0.440828323
0.270204395
0.261867613
0.339333326
0.29597649
0.30600071
0.300175816
0.31571579
0.331417769
0.30131954
0.26438275
0.342693299
0.347858578
0.367296308
0.411851645
0.447060525
0.322764456
0.313030273
0.251643926
0.301086038
0.393229693
0.348426193
0.424692273
0.393995553
0.300837457
0.439727575
0.490071058
0.29915598
0.342418015
0.345931709
0.338206053
0.364984125
0.413826525
0.251139492
0.279079199
0.320362061
0.2963925
0.319822073
0.453149617
0.282756567
0.268804431
0.350839496
0.34922424
0.286742657
0.338637561
0.324203312
0.381928355
0.305871129
0.283110976
0.366066575
0.391906828
0.346892715
0.285172671
0.369882464
0.31458813
0.322428465
0.435629696
0.350064218
0.433697045
0.443319738
0.335184872
0.405690998
0.344035238
0.317312807
0.216335371
0.389951885
0.310432583
0.285137534
0.307225585
0.35273695
0.393429458
0.406296939
0.330995262
0.302686155
0.333999813
0.373047143
0.284633517
0.293425977
0.399789423
0.343051821
0.445028633
0.383722633
0.263999373
0.327453405
0.376644373
0.329788297
0.356279194
0.3765167
0.398394555
0.289375514
0.372132331
0.320141673
0.268853307
0.375930905
0.41892758
0.329343975
0.474860728
0.277916342
0.273134828
0.401735336
0.317211747
0.418527007
0.299470067
0.34002018
0.278028846
0.352175266
0.318255842
0.251163512
0.295353204
0.260928303
0.301271081
0.200286657
0.236651659
0.199138537
0.266557604
0.335073233
0.303631455
0.364510715
0.436460644
0.267742217
0.251527935
0.310883999
0.289220363
0.295639455
0.290544212
0.319905549
0.314724237
0.302141637
0.25961113
0.351953238
0.363745332
0.370814085
0.408697724
0.439424098
0.337630153
0.300044745
0.253510028
0.294738889
0.416229218
0.343662709
0.428010881
0.38670525
0.296883762
0.428879082
0.466732532
0.290681809
0.346060008
0.346823424
0.349870205
0.367212445
0.393259853
0.25636819
0.282560289
0.325870365
0.278417915
0.307819575
0.440301716
0.284614891
0.285025865
0.342927605
0.341796428
0.313532203
0.356024921
0.324344516
0.382229388
0.322448164
0.263298512
0.362953812
0.368260682
0.35593465
0.287306726
0.390930504
0.293212146
0.336150229
0.437119782
0.338490158
0.412751615
0.454052269
0.350609899
0.405840993
0.327640325
0.314547479
0.210997358
0.372838765
0.330545634
0.293368936
0.316899419
0.343659818
0.403271675
0.430644989
0.324014097
0.292830527
0.340200841
0.384491324
0.308002234
0.313553512
0.381962031
0.327496469
0.451621413
0.381098181
0.278309017
0.313281208
0.361736238
0.340036839
0.340480179
0.384322882
0.379543185
0.278010339
0.35491395
0.316844046
0.268161237
0.398089707
0.415322304
0.342389405
0.463634312
0.291408926
0.287790626
0.410160691
0.320819974
0.469712734
0.313542813
0.341781467
0.280564129
0.346860528
0.322219968
0.259211421
0.310639411
0.282665789
0.327348977
0.195331752
0.227896541
0.195581451
0.261665821
0.316790372
0.3150343
0.366067916
0.431331158
0.273565114
0.269560516
0.308062047
0.285029471
0.307380199
0.30652985
0.327052504
0.348334461
0.30766198
0.254509449
0.350923836
0.367869735
0.349659085
0.40109542
0.443341941
0.336346149
0.30809027
0.271958798
0.29667148
0.391420692
0.351624548
0.422221959
0.385436475
0.300119758
0.442903221
0.495064586
0.291309804
0.356290638
0.324430496
0.338900894
0.346685082
0.412518322
0.254348516
0.280136615
0.327778757
0.291034698
0.323334843
0.427458853
0.286022753
0.274060518
0.326042891
0.351837099
0.312511325
0.349732429
0.340539098
0.374128789
0.315364331
0.284997106
0.354660273
0.364562154
0.369429737
0.281603277
0.386759192
0.292458892
0.332113832
0.427282602
0.35190466
0.435691059
0.421304703
0.352620542
0.410256743
0.325465173
0.309890032
0.205064684
0.367256969
0.321480334
0.28513366
0.311099112
0.323144972
0.413739234
0.434560567
0.321960509
0.323347747
0.343723685
0.393569112
0.300897181
0.271068424
0.405997396
0.335532844
0.440243453
0.380067438
0.265601069
0.307072252
0.370029032
0.326322496
0.353378356
0.393778145
0.387569696
0.285244077
0.380675226
0.313607275
0.284586608
0.37800476
0.419165552
0.332289159
0.464917749
0.27782321
0.285473704
0.388228565
0.320604533
0.443967313
0.305173993
0.341633946
0.26901865
0.35348314
0.299631804
0.250164032
0.313061178
0.281580508
0.302869052
0.191288769
0.222994909
0.19007808
0.257316768
0.315226883
0.31049189
0.386000454
0.423401207
0.292297065
0.254397482
0.307221472
0.286501288
0.307694465
0.272969902
0.324702799
0.32021597
0.278981835
0.272306174
0.348402143
0.355701298
0.364531249
0.424847156
0.387496561
0.336296886
0.311949253
0.267250448
0.302836031
0.411103696
0.324720651
0.429134995
0.381343544
0.313010186
0.458394021
0.482852817
0.303858936
0.340295017
0.331744075
0.33625564
0.347381681
0.391840935
0.26774025
0.284460604
0.334308505
0.280710995
0.31735611
0.427666843
0.27039814
0.272785425
0.330685616
0.34218052
0.311518103
0.353068024
0.35533756
0.381911278
0.311103612
0.294469535
0.35108754
0.352264881
0.36436379
0.270497769
0.384279847
0.304944992
0.31668669
0.423411638
0.361709118
0.415548831
0.44806698
0.358421773
0.405620694
0.331076264
0.336433083
0.209509328
0.374524444
0.31657061
0.290814012
0.310387105
0.349512309
0.413795769
0.426271856
0.305858344
0.310281008
0.351934016
0.373463929
0.297444493
0.278978586
0.407291263
0.347696662
0.440571934
0.371853858
0.272052765
0.323233902
0.369267672
0.318686575
0.347531438
0.389773577
0.37045598
0.268116713
0.369576454
0.327749074
0.254693002
0.363605291
0.425749958
0.347548425
0.459751159
0.286766946
0.289788544
0.403381497
0.312984377
0.442031443
0.273458302
0.330000371
0.277060181
0.343072683
0.327826828
0.252321452
0.302663207
0.263750494
0.317669988
0.198404044
0.232214898
0.17943725
0.259563118
0.286765486
0.324368179
0.375561208
0.428361684
0.262326717
0.245710135
0.30970332
0.289443761
0.30332166
0.292271614
0.32065779
0.341288447
0.301445961
0.256369859
0.362328172
0.356085658
0.348822236
0.408261806
0.425932378
0.34876579
0.300178826
0.255764037
0.304069459
0.393981725
0.323734432
0.421142906
0.392263681
0.291570663
0.439149201
0.490051597
0.319326371
0.339723229
0.347702146
0.328101754
0.352134466
0.384432435
0.266970098
0.297299415
0.318942428
0.30640173
0.320094168
0.44605273
0.265310377
0.272137463
0.357735634
0.341774136
0.309468448
0.325889975
0.330063373
0.386243373
0.307012379
0.277813792
0.341497421
0.381571233
0.348299295
0.291608274
0.383807302
0.282504052
0.324888021
0.432005972
0.368414938
0.421373546
0.444738865
0.378872067
0.406582475
0.356519639
0.325829059
0.19004263
0.37534675
0.320528507
0.307164818
0.311566651
0.35675019
0.405419171
0.406557798
0.320947915
0.308134496
0.337968737
0.377420723
0.285705119
0.284052998
0.367289543
0.323051929
0.454903811
0.386104465
0.278560042
0.327612102
0.362659454
0.330785483
0.328650355
0.391934872
0.405585617
0.27557832
0.377682358
0.329578847
0.292210579
0.370774895
0.430624694
0.354203194
0.481001616
0.281078905
0.260710239
0.424788415
0.328669965
0.456029683
0.286973596
0.326329559
0.286769569
0.336843044
0.314721286
0.270095021
0.311433166
0.272156864
0.320501626
0.211543739
0.230089605
0.202504307
0.265559703
0.308475792
0.315211028
0.380815476
0.436624199
0.257746696
0.252825797
0.317293614
0.27801168
0.297626406
0.297726959
0.339302361
0.324480504
0.293946117
0.271297485
0.356369913
0.343654066
0.355381131
0.396184742
0.41359055
0.324393302
0.31110698
0.250318348
0.314881802
0.412828714
0.324867606
0.41448614
0.400708765
0.301871419
0.446883112
0.513423145
0.292362541
0.330214053
0.363710672
0.335684687
0.349269211
0.388326168
0.263219267
0.298849612
0.332749575
0.287246734
0.316271365
0.441047609
0.274962962
0.285724014
0.345542401
0.35552448
0.320771039
0.332366168
0.346744835
0.369397908
0.318123847
0.271440208
0.358484805
0.374287546
0.360411078
0.290298134
0.383087754
0.297096252
0.330572873
0.426324666
0.328935713
0.405260682
0.442588329
0.3719531
0.40466702
0.317156106
0.326851636
0.201056346
0.363897353
0.322680563
0.292485833
0.290230989
0.343035936
0.360365272
0.434244007
0.312330067
0.329681575
0.32669723
0.373505294
0.299801081
0.291694254
0.404745907
0.31948182
0.437004507
0.376689553
0.278198332
0.324131638
0.358477026
0.325682789
0.336942732
0.39572221
0.394064397
0.284112543
0.357246727
0.322332233
0.278097451
0.383563519
0.42034027
0.355860949
0.464978784
0.279175073
0.285543621
0.400490403
0.319154978
0.434848219
0.30314824
0.324216813
0.283580601
0.343277931
0.317832828
0.251542419
0.295380563
0.261964589
0.315353453
0.184594333
0.238031387
0.200883076
0.269712627
0.362217784
0.317198008
0.390483052
0.432717562
0.275534183
0.2609016
0.291603327
0.266473949
0.313045472
0.301888227
0.317376763
0.336694866
0.305378109
0.256491661
0.348018587
0.350063235
0.350436777
0.381756008
0.440075487
0.351259172
0.315602154
0.254377335
0.307317346
0.399200141
0.329220831
0.402742654
0.413514763
0.298498601
0.461120695
0.502869904
0.313331455
0.330350965
0.337878734
0.338879675
0.347117305
0.397293091
0.262263924
0.288691878
0.309987932
0.283638716
0.33454591
0.446458727
0.277483672
0.27218008
0.337569624
0.356622338
0.308394372
0.343282372
0.328485191
0.363175273
0.319247723
0.280460328
0.34788093
0.390522301
0.36188373
0.28307572
0.388886124
0.299791157
0.327517509
0.437187016
0.354648501
0.408520311
0.448535621
0.362754673
0.407363385
0.331290811
0.3385382
0.195744276
0.380485833
0.302717239
0.278450012
0.301222503
0.34162572
0.409968287
0.419010133
0.305523247
0.326761782
0.353229791
0.386143208
0.308102876
0.29660508
0.40174818
0.322237402
0.448642164
0.394502312
0.280271322
0.309588015
0.338714987
0.325424343
0.326201588
0.395767003
0.391961932
0.280699492
0.381937623
0.31271562
0.281226844
0.366451561
0.433033437
0.3547602
0.461094409
0.300988704
0.277995288
0.398688853
0.319246382
0.44827953
0.295959502
0.345609874
0.276754439
0.348629236
0.313558072
0.242528573
0.312005639
0.245573357
0.308575004
0.197997764
0.229027048
0.199315116
0.282417178
0.36474669
0.324288428
0.375046879
0.438793451
0.26687485
0.262890011
0.319491923
0.260812074
0.309526384
0.300044537
0.339911312
0.33497718
0.29791379
0.252764195
0.34324491
0.343818188
0.349661082
0.426556855
0.431291252
0.345198005
0.306469917
0.26204294
0.310940206
0.383290887
0.336196899
0.431659073
0.395662159
0.28734073
0.446092784
0.502985299
0.295086443
0.347287565
0.346697032
0.327420235
0.353955239
0.417908698
0.251009852
0.286337197
0.312210917
0.277826071
0.320171714
0.431731015
0.282420427
0.277997971
0.326714873
0.352449
0.304244995
0.355218738
0.352791339
0.387503505
0.312272131
0.284696758
0.357872665
0.379708856
0.362260222
0.282223552
0.395918369
0.307685167
0.324412048
0.426561683
0.360408336
0.410929918
0.434519768
0.350787997
0.40776509
0.351201147
0.334792495
0.213197961
0.38827011
0.300282657
0.291204184
0.305463612
0.324819714
0.402009487
0.426964879
0.326594532
0.31533882
0.3347058
0.351082683
0.297795355
0.295876443
0.391042829
0.33867833
0.450292677
0.394854188
0.262905091
0.3014718
0.35435304
0.342366427
0.354726255
0.387680352
0.405531436
0.274041981
0.383441567
0.316373736
0.289203107
0.37605378
0.416509479
0.333259076
0.448495626
0.291969776
0.278755665
0.407176405
0.319982827
0.458944321
0.294377595
0.359903455
0.286063194
0.347879738
0.312098861
0.258929968
0.306354195
0.285886467
0.316677511
0.198789597
0.245654225
0.177516684
0.267158687
0.331710547
0.310009927
0.385184497
0.434518099
0.264220506
0.260118663
0.318702787
0.292247772
0.301974475
0.294588536
0.3150298
0.333386183
0.302567333
0.263550371
0.344301611
0.354118377
0.347800434
0.38923794
0.433720708
0.338663608
0.296601713
0.25202176
0.300510138
0.398035139
0.351886958
0.425529182
0.4053348
0.292088062
0.439005166
0.473997504
0.293344021
0.328015506
0.348712474
0.338469565
0.346714199
0.388145298
0.24755758
0.285963804
0.328932643
0.294990391
0.33046481
0.44340691
0.289765805
0.293388337
0.356850743
0.347887486
0.329556137
0.359909743
0.317855626
0.37194109
0.325603575
0.290710449
0.350131065
0.380965441
0.368827522
0.272998244
0.382260859
0.31753242
0.321452498
0.432202041
0.336533278
0.416126221
0.439110011
0.363568842
0.425411582
0.351108849
0.337072343
0.212114036
0.382640362
0.333176345
0.314722478
0.297506869
0.364145577
0.400787711
0.420944005
0.318089277
0.320503086
0.339084476
0.37122193
0.292486876
0.287402481
0.396144122
0.334933817
0.44340241
0.388111562
0.297513783
0.321614295
0.37620753
0.342067301
0.363782078
0.395072043
0.389675856
0.288007587
0.365097106
0.325485259
0.276144087
0.365494132
0.42217356
0.349216104
0.467222482
0.281794459
0.267112345
0.392290235
0.309901595
0.449633271
0.285529107
0.325549394
0.284048915
0.335804135
0.311154276
0.254550427
0.305565506
0.270923465
0.315763056
0.199176729
0.230656937
0.186071768
0.256732464
0.341911197
0.315255582
0.396773458
0.427119076
0.278468519
0.260050058
0.324601591
0.287799507
0.295816511
0.285480738
0.33883211
0.317605883
0.283406615
0.25146836
0.373895079
0.357832074
0.35826236
0.419035226
0.435183972
0.33700484
0.289853305
0.262975723
0.29987216
0.383925617
0.351826459
0.434433669
0.407444298
0.303802043
0.455808699
0.485175878
0.305475652
0.337132692
0.367066026
0.34973076
0.354619205
0.412633926
0.265634716
0.27716729
0.323181182
0.287137866
0.300740391
0.436201125
0.278393149
0.269432694
0.343321592
0.353769571
0.328282893
0.333814412
0.336021811
0.388134003
0.323467612
0.288842022
0.36435163
0.402349651
0.381417155
0.284433722
0.388838768
0.302238017
0.332114518
0.440749228
0.356193066
0.404199392
0.446741849
0.342223138
0.419290185
0.322196037
0.327313334
0.209914446
0.378882527
0.304378927
0.311663359
0.304652601
0.344809532
0.399244636
0.426624179
0.319080293
0.318915337
0.355126679
0.36951068
0.285249382
0.30224359
0.393527538
0.353439301
0.450036108
0.377468526
0.272761285
0.313383758
0.380818009
0.352487922
0.368487775
0.382772833
0.396117866
0.269485891
0.360877097
0.310509026
0.278155863
0.364982724
0.43088755
0.345406413
0.465827435
0.303292632
0.272250861
0.396360159
0.318330556
0.427151293
0.306219965
0.352865636
0.293601364
0.349507093
0.296995282
0.255052686
0.294955134
0.273310363
0.326111555
0.194150463
0.223026246
0.198471844
0.28107208
0.284562379
0.311516285
0.387682736
0.41996491
0.264916122
0.265576005
0.320118934
0.268310785
0.305940211
0.289903939
0.327959299
0.326192319
0.294207066
0.257290721
0.352810681
0.326066047
0.339653254
0.403504759
0.402696192
0.348022729
0.306934536
0.261163592
0.321394682
0.40893501
0.333241165
0.440164536
0.384847611
0.290866405
0.432809532
0.503310442
0.304637253
0.330067307
0.349890172
0.346142441
0.363143861
0.413234532
0.25349912
0.291422009
0.325705498
0.288511157
0.300067991
0.432009399
0.281554937
0.265129894
0.354999304
0.345875829
0.305784285
0.340012819
0.339524955
0.370840579
0.332023084
0.278788954
0.349454999
0.366107553
0.353387237
0.276070744
0.396310389
0.301583737
0.31902045
0.465887368
0.360423714
0.406176805
0.445957005
0.365973443
0.42523241
0.324572802
0.324627042
0.212989748
0.381521374
0.308257788
0.285511911
0.30915007
0.346374035
0.398073614
0.420700997
0.328358144
0.315538377
0.331113309
0.384252161
0.29839164
0.294091642
0.395858407
0.333193094
0.453748077
0.393280208
0.271783143
0.305643827
0.374852389
0.320176274
0.342129529
0.398979455
0.384718686
0.280603379
0.368479133
0.312764198
0.287426203
0.389045179
0.431549519
0.345694095
0.479906082
0.2843889
0.275540382
0.398359001
0.338717252
0.439918965
0.29469648
0.342830092
0.287522852
0.359580249
0.314775825
0.254318118
0.313992679
0.26843816
0.319831967
0.215747103
0.227303401
0.188256443
0.273749918
0.331612915
0.313709974
0.364472419
0.414232582
0.265764773
0.263894111
0.329688847
0.293127
0.298759282
0.294986963
0.324679196
0.322677046
0.280614495
0.283982635
0.35533312
0.35150224
0.338406473
0.400051206
0.410292089
0.330985278
0.317035407
0.25040099
0.299378067
0.383296669
0.332814008
0.44150278
0.381915271
0.307885438
0.433686018
0.527208149
0.310764819
0.335534781
0.348593622
0.338507205
0.345827281
0.407693028
0.243110538
0.289975584
0.325459749
0.293949187
0.298595488
0.432094425
0.2724832
0.268457949
0.330054641
0.352177531
0.326681584
0.351179034
0.313173085
0.381319821
0.317596823
0.277911752
0.356839716
0.384934515
0.367294908
0.300539255
0.376751989
0.310554326
0.31181398
0.431522191
0.358322442
0.436831892
0.445599824
0.349778652
0.421043247
0.343306035
0.316911042
0.214057505
0.380441606
0.324650168
0.307001829
0.30752188
0.335333347
0.415660501
0.414858401
0.314535588
0.313268632
0.348686785
0.384088844
0.30761379
0.304698527
0.394377112
0.32829681
0.433359802
0.386910588
0.274059147
0.322093695
0.375264555
0.321062833
0.33563593
0.374444991
0.404598653
0.268521369
0.359343618
0.318132281
0.28743875
0.365962058
0.410867006
0.33166647
0.446800709
0.299492568
0.289245605
0.406565726
0.330854774
0.461563706
0.281408817
0.347638488
0.273946226
0.347867727
0.310544491
0.254753023
0.305122107
0.268409461
0.31258744
0.201789141
0.230731457
0.209637031
0.270080268
0.350096941
0.331056386
0.372402728
0.442139745
0.268027365
0.280265003
0.32388261
0.288626969
0.304802626
0.293193668
0.330738842
0.331151605
0.291075945
0.257600993
0.352702737
0.343463272
0.352470487
0.405593753
0.431058228
0.348477364
0.303290188
0.258168429
0.306105107
0.403436452
0.322854012
0.443073303
0.400645912
0.295347363
0.436566114
0.488819152
0.308247596
0.333042473
0.361005694
0.331256717
0.350480705
0.402179599
0.259948432
0.285460532
0.312257409
0.28859365
0.327198118
0.435646802
0.279831737
0.265126556
0.336053461
0.343732744
0.311459988
0.352074116
0.334320247
0.36911726
0.314341784
0.295899928
0.351682842
0.365768373
0.359092057
0.272655994
0.373474747
0.29639411
0.319783598
0.42958048
0.35827899
0.424287856
0.446938038
0.353497088
0.415797621
0.332285464
0.324790001
0.221918702
0.379229665
0.317758888
0.304797113
0.301301837
0.343272746
0.390254885
0.426958889
0.343950987
0.318607122
0.368209749
0.370478392
0.284545183
0.295651853
0.383061945
0.322368354
0.445384085
0.382871389
0.272963971
0.330218166
0.388040274
0.330567539
0.365769506
0.392366171
0.406322032
0.280817568
0.379108042
0.306040287
0.285547912
0.362545997
0.406624347
0.357508063
0.459629238
0.314120531
0.274935007
0.393747509
0.335481942
0.456360459
0.314450771
0.330130965
0.290245056
0.35507074
0.306117445
0.274025083
0.295320034
0.265559971
0.324333578
0.198299557
0.252840668
0.205031544
0.265239149
0.334814191
0.320227712
0.392023444
0.410965979
0.25763166
0.26483354
0.324832559
0.277823508
0.307106972
0.298646927
0.331301183
0.321793854
0.300549567
0.273737937
0.350117564
0.376547396
0.359601378
0.424380034
0.437311709
0.336860597
0.306320667
0.247813061
0.295861274
0.414063871
0.344098777
0.427958041
0.404131591
0.302284509
0.458277017
0.489317447
0.310438663
0.33894375
0.355208576
0.334041059
0.373328477
0.38588962
0.245612502
0.266533703
0.320481896
0.285577625
0.324731171
0.461392909
0.272857964
0.261313379
0.337593347
0.38118878
0.299183965
0.347958714
0.328383833
0.383706093
0.311919302
0.292036504
0.349068314
0.377109826
0.35053727
0.296744138
0.377381474
0.294187963
0.315083027
0.450345784
0.349238813
0.429130197
0.460924596
0.36796391
0.397587508
0.341811627
0.328562528
0.205549419
0.381421179
0.322699904
0.289497912
0.302280098
0.339307547
0.383625597
0.43761149
0.313842922
0.304462552
0.339510649
0.373081297
0.308104634
0.292239577
0.40064168
0.315478325
0.456690997
0.392490804
0.266156554
0.322523147
0.352827102
0.338175505
0.34456566
0.379996389
0.373889267
0.272386312
0.385848105
0.320176184
0.268038213
0.363759309
0.413076371
0.335793436
0.468882203
0.280042619
0.303562403
0.419030935
0.305240363
0.432243884
0.297781676
0.353048742
0.275317043
0.345976382
0.305729926
0.255102068
0.306296796
0.269135982
0.323347658
0.205803916
0.228026927
0.188498586
0.267950088
0.304310292
0.318246335
0.375338107
0.439061075
0.277649492
0.252999663
0.314660698
0.275919229
0.298351377
0.310180545
0.32040295
0.318507522
0.29767248
0.273222685
0.350119919
0.348455429
0.345251143
0.404425204
0.436882347
0.337551564
0.299562633
0.246135429
0.311610729
0.40149191
0.320043504
0.4457573
0.38700828
0.306655496
0.449068636
0.481459647
0.295323759
0.332774222
0.372364193
0.339453727
0.353429347
0.394322723
0.263387889
0.285172671
0.329108834
0.279661983
0.307634056
0.443252534
0.283359945
0.283246398
0.345207214
0.347095698
0.317397445
0.345348507
0.323349059
0.380815953
0.324981421
0.284080982
0.352900416
0.381886989
0.360450804
0.284347624
0.363767207
0.289665014
0.321106166
0.449613154
0.346604139
0.401643753
0.458597302
0.3496463
0.411188364
0.336320966
0.329482734
0.213953674
0.381832719
0.303806841
0.306416333
0.304173768
0.339719415
0.386050075
0.433617592
0.301413029
0.327672958
0.345213622
0.392014593
0.294060677
0.286151081
0.397694528
0.328036994
0.437546432
0.395386577
0.263207644
0.319052309
0.366836876
0.334904552
0.329967231
0.386449695
0.389126003
0.269875467
0.358594239
0.295955658
0.280879408
0.367328435
0.423307836
0.36162734
0.466868848
0.293115854
0.276442617
0.393646717
0.324579835
0.454980969
0.308968663
0.333015949
0.279018342
0.355259091
0.306528866
0.265916944
0.308056325
0.273791194
0.323753268
0.182363465
0.213477001
0.199706599
0.260217935
0.318918735
0.299601048
0.380615413
0.415984809
0.267324984
0.265099436
0.312776953
0.283414125
0.314398348
0.287946463
0.327873796
0.341736436
0.284563035
0.260773212
0.364832014
0.335766315
0.354520857
0.427004308
0.436765492
0.338412523
0.307629526
0.248659894
0.305401504
0.381441981
0.327630579
0.416128606
0.397489011
0.324649692
0.418769568
0.488986522
0.289904296
0.325247318
0.350304216
0.326016039
0.354296684
0.422895521
0.259267807
0.282822162
0.334774762
0.276788831
0.311239004
0.428072065
0.27271533
0.261038691
0.334908277
0.350078583
0.311583608
0.347815424
0.326246381
0.360163212
0.321859032
0.307253838
0.352594733
0.369357526
0.35783565
0.291410267
0.376333743
0.313360751
0.31861046
0.447472394
0.35197857
0.423342943
0.4349747
0.356644899
0.384382457
0.334578425
0.319752723
0.202353016
0.380013734
0.314123452
0.275255382
0.28893134
0.34091863
0.388911247
0.452127308
0.322572678
0.306115866
0.337924421
0.377334714
0.318742871
0.274075657
0.394685626
0.336476624
0.437708825
0.400715113
0.278464079
0.320629537
0.373181283
0.326620191
0.3369582
0.377897501
0.389885485
0.264943033
0.376941264
0.313715905
0.278159231
0.390756428
0.421535522
0.341890782
0.47315827
0.283962578
0.256435603
0.400616407
0.318643719
0.439031214
0.298192054
0.333756715
0.275434732
0.340744406
0.312222838
0.26971665
0.311355382
0.27641049
0.318551391
0.201648951
0.218242675
0.179890022
0.283051521
0.308110982
0.318156123
0.394953668
0.431612283
0.280037075
0.256610692
0.320723802
0.2947734
0.300457597
0.290425211
0.331058413
0.338741899
0.292490959
0.26875338
0.350316554
0.362770259
0.356642634
0.411049306
0.428849339
0.341311365
0.291776031
0.258017719
0.312258899
0.392413616
0.346920013
0.425150365
0.395825595
0.298636466
0.441999763
0.510430396
0.300223798
0.327779472
0.347620785
0.335954398
0.347410291
0.398029298
0.252108425
0.282884181
0.329450041
0.289163828
0.308471918
0.44867152
0.286403209
0.266982108
0.332586586
0.327710807
0.309135348
0.351342589
0.328858286
0.36519596
0.317939222
0.287765294
0.355555117
0.382239074
0.358577073
0.280776381
0.38338697
0.301165998
0.337026089
0.435151607
0.336614132
0.40328446
0.440020025
0.368907064
0.417012572
0.346884966
0.315175354
0.21176675
0.369398892
0.321043074
0.278038651
0.286836118
0.328553855
0.381839454
0.441041887
0.324189872
0.302367121
0.338134497
0.394045502
0.290464222
0.289163232
0.394781828
0.335000724
0.435396492
0.389728397
0.277717978
0.322290152
0.368999451
0.335338801
0.348466724
0.418535888
0.396358907
0.276145875
0.376984894
0.321865469
0.271273226
0.393750757
0.436352015
0.339989632
0.475209564
0.287904739
0.270776719
0.388295889
0.309869349
0.462327689
0.294965148
0.336054564
0.275167197
0.339697659
0.303183496
0.246698558
0.315925717
0.262893081
0.327034205
0.192532361
0.233340472
0.181816071
0.264299184
0.306053191
0.313179791
0.39621526
0.422410131
0.273526967
0.246878043
0.328944236
0.28056553
0.307548016
0.300239563
0.322109997
0.330340654
0.308646858
0.271772504
0.344687521
0.335462779
0.337544054
0.403062522
0.430268645
0.357176185
0.30384931
0.268245637
0.294146866
0.400606096
0.334169179
0.431656688
0.38105166
0.300194323
0.446961731
0.4865821
0.298985898
0.330806166
0.36534059
0.331772387
0.340810925
0.3919698
0.25863719
0.290566742
0.313995063
0.290252596
0.310216844
0.421478271
0.285193026
0.27551654
0.355824262
0.370452017
0.306575477
0.342839181
0.334250778
0.374167025
0.322177529
0.277162641
0.366254747
0.376787722
0.361252844
0.277410597
0.388901144
0.311324298
0.33090353
0.431200802
0.368530363
0.417694002
0.436861634
0.369922608
0.407615989
0.332031071
0.304451883
0.212007642
0.368375957
0.313768715
0.303114027
0.314569533
0.331199557
0.406688631
0.431586415
0.324204057
0.305236161
0.34832865
0.366747677
0.287319839
0.298094392
0.395834744
0.340728134
0.443779707
0.397269189
0.296013653
0.331767976
0.368932545
0.34822309
0.356270909
0.409531474
0.393050671
0.291373938
0.366838574
0.322668165
0.282173991
0.3805677
0.420164555
0.345134616
0.460933536
0.288791984
0.281118363
0.406915575
0.319376886
0.436607182
0.308064729
0.332509965
0.281117886
0.345229119
0.314731121
0.257130474
0.298333675
0.276235253
0.330880851
0.208380237
0.23171559
0.208163917
0.271747351
0.336271673
0.317592263
0.4102346
0.414107233
0.294130921
0.261075824
0.325515687
0.287972897
0.300143898
0.291197509
0.329907
0.328572512
0.294550121
0.264872223
0.339599729
0.355787128
0.342340559
0.419669807
0.436561376
0.359786391
0.313123316
0.275675744
0.293610126
0.395827204
0.320299834
0.435111672
0.388286442
0.287905753
0.458199769
0.505055547
0.302125126
0.328870207
0.355503678
0.346010655
0.373146772
0.41563946
0.243622035
0.270427048
0.319493532
0.295523793
0.328711212
0.438118696
0.300332069
0.261469603
0.354687572
0.346966296
0.328884155
0.345521986
0.331127346
0.37040478
0.310892999
0.299586117
0.371655792
0.388270169
0.371462226
0.280041814
0.390887231
0.285087347
0.328457326
0.452893198
0.371086687
0.404028445
0.449260086
0.357267618
0.404340893
0.323371202
0.304186225
0.195758879
0.388995081
0.303024977
0.282374322
0.305314153
0.336895972
0.394384921
0.405315369
0.322236598
0.333737224
0.341230989
0.379595488
0.29506892
0.295013368
0.394621044
0.338252574
0.451653868
0.402630299
0.265286684
0.339362383
0.360590458
0.342886716
0.34136191
0.369682431
0.390357047
0.25646922
0.369734943
0.316898257
0.277243197
0.359687805
0.431791693
0.344086111
0.463958889
0.284460723
0.295693517
0.397862613
0.321555436
0.460384697
0.290683627
0.339035332
0.271362692
0.364919603
0.312417299
0.265248328
0.305098385
0.272145897
0.308163792
0.18988955
0.233246878
0.175321713
0.268556803
0.337929815
0.313577145
0.369710863
0.417969406
0.261276007
0.274564892
0.305209011
0.272258699
0.285118699
0.292622477
0.341176182
0.343744606
0.28993389
0.253415465
0.333698779
0.363980591
0.328753918
0.404560924
0.408600718
0.355635345
0.312180847
0.274009824
0.313019067
0.389425367
0.339352399
0.422083199
0.396908343
0.306898326
0.433156699
0.48557663
0.303228378
0.328561217
0.354915887
0.323343456
0.353463918
0.388917744
0.268422157
0.306545585
0.324007392
0.276749462
0.324234486
0.424010366
0.284998953
0.277465373
0.331021011
0.342787772
0.314276606
0.338857055
0.348755956
0.371885985
0.330207437
0.27731213
0.35427627
0.383714676
0.339467943
0.295769006
0.382951647
0.30049324
0.340456575
0.438724309
0.361576468
0.409316421
0.449564397
0.333154112
0.419426382
0.334694117
0.331906468
0.207332402
0.403965384
0.306987971
0.300087035
0.302043319
0.331821561
0.4123106
0.426576555
0.334596962
0.323718369
0.326967329
0.377334327
0.305587322
0.296212137
0.392234176
0.329282045
0.430792093
0.393806636
0.261902988
0.309641123
0.374362171
0.336498111
0.347963482
0.365797758
0.400363177
0.283314645
0.360767335
0.301228762
0.293609291
0.374819249
0.425697505
0.353491485
0.485696197
0.302515328
0.289658219
0.402479649
0.336867154
0.427324116
0.302814037
0.318305403
0.278937101
0.358088732
0.329656512
0.251478016
0.303266644
0.249740884
0.322700918
0.200562671
0.232763663
0.194159374
0.275334626
0.342916816
0.316836447
0.385580629
0.41250214
0.279684097
0.267530859
0.306255788
0.267544895
0.298045397
0.284561872
0.342993021
0.323497832
0.306803793
0.258261681
0.356752455
0.356385857
0.332942784
0.395368069
0.429945439
0.352475375
0.292145938
0.266590029
0.29434827
0.41938141
0.346821636
0.419351131
0.402762711
0.304057151
0.449939907
0.511470079
0.296265304
0.337732613
0.357336044
0.345872402
0.385011137
0.408243299
0.253840595
0.270970702
0.332695633
0.293110967
0.309625834
0.435673237
0.281628847
0.266409665
0.342799038
0.340058476
0.311815768
0.333191395
0.335824013
0.383259416
0.328078628
0.294802964
0.344654441
0.369797885
0.365809947
0.279812634
0.377360195
0.287337482
0.314667195
0.4571895
0.344624877
0.413908392
0.453763425
0.374236822
0.402560145
0.32489416
0.323534936
0.206673801
0.371493399
0.292762369
0.29062292
0.322550058
0.343165696
0.406475633
0.415971518
0.337172627
0.323030978
0.345200628
0.384069085
0.293805093
0.286061674
0.402243286
0.341961056
0.448787153
0.397420406
0.279671073
0.339349896
0.369319826
0.341398001
0.33760193
0.401336491
0.382322997
0.275982499
0.38718158
0.293881148
0.281719983
0.378662944
0.407194018
0.3470788
0.475596607
0.28916055
0.272079289
0.409524888
0.326651067
0.437818408
0.297868252
0.337698609
0.286826015
0.354157358
0.298487037
0.254756868
0.312859625
0.264266193
0.306160152
0.201465949
0.22785981
0.202665448
0.267499715
0.343252033
0.318148047
0.37368834
0.42426157
0.262132496
0.264088869
0.326453716
0.285104334
0.297648966
0.282690942
0.326571554
0.337165833
0.289478332
0.263681144
0.358852983
0.363572121
0.352930397
0.41646266
0.405217469
0.346192718
0.29848218
0.26103425
0.313605875
0.402727425
0.309989333
0.438306332
0.410760105
0.2902399
0.442034513
0.489558101
0.29703024
0.359749109
0.340932876
0.337321758
0.358218282
0.406915516
0.251412302
0.279021829
0.309558511
0.281067282
0.305508226
0.434643745
0.282279611
0.284050792
0.344781429
0.355602175
0.309951037
0.348537743
0.330212623
0.403640032
0.317976236
0.272412628
0.352995783
0.39593783
0.366914332
0.289910287
0.377180815
0.298252553
0.308839202
0.467161953
0.35637939
0.413218856
0.444009453
0.349671423
0.398884594
0.335668623
0.325349778
0.219167203
0.386636615
0.315167427
0.302307963
0.293836802
0.359928042
0.414637923
0.436073512
0.316912472
0.328671902
0.342087239
0.362796485
0.299267262
0.287703305
0.40821144
0.321771294
0.453042895
0.382584214
0.267294854
0.315632582
0.376015127
0.339218289
0.352356672
0.37946406
0.40156135
0.282931745
0.365651816
0.324099809
0.277557194
0.375575095
0.397701204
0.332416087
0.460808158
0.280987084
0.287765622
0.405256808
0.32482475
0.424813211
0.286296695
0.336387604
0.278162062
0.34884721
0.319791824
0.256168157
0.29946962
0.265531063
0.314219683
0.196628839
0.232201397
0.204690531
0.265971988
0.33570683
0.317472577
0.380241692
0.417858481
0.254603475
0.26286146
0.338265598
0.287681937
0.313914955
0.300628394
0.325963348
0.332378924
0.310514808
0.266449988
0.3559376
0.341264576
0.346090227
0.402537584
0.425150633
0.344105899
0.298796177
0.260817736
0.315160215
0.387512684
0.341508955
0.409071714
0.388287574
0.30036816
0.445409268
0.502475441
0.312138736
0.332617968
0.341242939
0.347750336
0.363945693
0.409905881
0.264537394
0.288031161
0.328410417
0.290272564
0.314879626
0.416095018
0.296570837
0.281896353
0.352198184
0.350306153
0.300838649
0.332293272
0.329514623
0.367667437
0.322682828
0.278724343
0.362862855
0.380504847
0.353295147
0.274028122
0.371204972
0.320964038
0.317324251
0.423478752
0.361908406
0.408996552
0.437765509
0.36392045
0.390187263
0.354283094
0.325618804
0.200342402
0.382148147
0.314172506
0.290627509
0.297532558
0.340870768
0.405772239
0.430126429
0.317943573
0.309596866
0.350037962
0.380144536
0.282872647
0.281067491
0.398146123
0.313556403
0.426068068
0.390114367
0.286199361
0.324305892
0.35155049
0.319330573
0.335101366
0.388434708
0.386078566
0.274716437
0.37928158
0.318777442
0.273659021
0.370712757
0.398491144
0.348731697
0.47055167
0.298653334
0.279817462
0.415917844
0.3256118
0.436580926
0.299383551
0.335778922
0.272880644
0.353604674
0.321959138
0.248557076
0.29310146
0.270663172
0.32956177
0.200286984
0.232229158
0.191846192
0.27091068
0.328875571
0.289482951
0.364807338
0.41404599
0.267802894
0.24774234
0.323113978
0.281276941
0.306781024
0.293959498
0.318287581
0.317481875
0.305752158
0.259989619
0.348884791
0.340567946
0.355690747
0.427349091
0.429722637
0.338866442
0.305045664
0.271448612
0.290226489
0.387346655
0.326319218
0.431710333
0.399512559
0.310884207
0.458309442
0.479210109
0.301772296
0.321239203
0.367649317
0.329250455
0.36135295
0.370943308
0.269878536
0.293993592
0.325480908
0.295289069
0.333902866
0.440593123
0.286225468
0.286461681
0.330219597
0.344266951
0.313618481
0.350879073
0.332277805
0.375146776
0.309446961
0.287417382
0.372196853
0.379532397
0.355981082
0.26975143
0.41855377
0.301405251
0.311482668
0.430333734
0.363479614
0.39699471
0.431454509
0.358397782
0.390050501
0.329232544
0.324240237
0.19829762
0.371966124
0.336015224
0.281995237
0.298615992
0.326499909
0.407923639
0.415483445
0.325926214
0.311683685
0.335502923
0.370851338
0.295597881
0.310757965
0.378617018
0.328510314
0.44356221
0.381277829
0.287698716
0.316113859
0.364478171
0.336957425
0.354090005
0.371151
0.381392241
0.27631703
0.372302949
0.314386874
0.262054354
0.391032785
0.421091437
0.34305042
0.45796901
0.305592865
0.277298778
0.374116361
0.319993049
0.428230315
0.293177068
0.356087178
0.269976228
0.347972959
0.306343973
0.255106241
0.3057127
0.273319095
0.313778877
0.201645866
0.211144716
0.184008315
0.254894793
0.317867994
0.291051358
0.371686101
0.434723437
0.271087289
0.252104163
0.32940793
0.286328644
0.285815924
0.29184708
0.335457414
0.333325326
0.2836501
0.271145523
0.346598864
0.355388731
0.359484643
0.396781713
0.434243411
0.333925128
0.295698583
0.264799565
0.306168079
0.403815955
0.330787987
0.422127426
0.387745827
0.301349938
0.443266511
0.476759523
0.296884894
0.36411795
0.342782974
0.34774068
0.364152551
0.397274494
0.260049909
0.300790519
0.324013203
0.300476938
0.334331691
0.443671256
0.297983706
0.267997563
0.330019593
0.34564954
0.311849296
0.336847574
0.344556004
0.395811766
0.318987399
0.269806206
0.357552201
0.363670915
0.353075385
0.283943087
0.417428762
0.294242054
0.332968384
0.449981064
0.352869064
0.410372674
0.444414169
0.363965392
0.400247693
0.327114433
0.316807896
0.210034445
0.386125624
0.310422808
0.29890275
0.30267185
0.337797791
0.398817509
0.444853216
0.346357435
0.299787819
0.350906074
0.37033689
0.296150893
0.284219235
0.385149539
0.331071109
0.436957628
0.390861958
0.283296764
0.321057111
0.37134698
0.345763683
0.347397178
0.403429121
0.383485317
0.263932824
0.377696663
0.323376924
0.263477147
0.380077928
0.418656617
0.357349098
0.459787965
0.281645328
0.271259546
0.389459461
0.330932319
0.431658
0.296445101
0.326961696
0.27417621
0.349618345
0.305704266
0.25786832
0.282996655
0.277703792
0.332435966
0.190352127
0.229677603
0.186319321
0.265013188
0.339856714
0.308942169
0.388414472
0.411430627
0.270775437
0.272235245
0.305697083
0.299530119
0.285476744
0.284951687
0.312756807
0.324346989
0.284557998
0.262234479
0.358775616
0.342058241
0.371342331
0.412602127
0.410099804
0.340139359
0.294517845
0.261709332
0.311364532
0.39010182
0.32258451
0.438120246
0.403915852
0.302062631
0.421425611
0.47657147
0.290091693
0.327476799
0.346259505
0.326822191
0.362945586
0.393555045
0.248592153
0.28917107
0.317584217
0.2894997
0.320869118
0.434632212
0.284159243
0.273624539
0.340616584
0.356609404
0.319215387
0.365426809
0.350298494
0.382010192
0.300014883
0.286112666
0.366021127
0.386949986
0.368805438
0.266491652
0.374554783
0.310337603
0.317134321
0.42073524
0.368214577
0.422759503
0.446846247
0.382407367
0.390803427
0.34137693
0.347204536
0.198904037
0.363175273
0.314181417
0.285365552
0.305549979
0.328994036
0.405227125
0.420713931
0.320878685
0.310379922
0.352199286
0.377057076
0.308214247
0.280270994
0.379760683
0.322690725
0.462634742
0.397834629
0.259361744
0.331475377
0.368251383
0.335205436
0.349693418
0.403176725
0.385435909
0.258325964
0.380638421
0.324248344
0.266135246
0.362839252
0.411291063
0.351074249
0.464105785
0.285420895
0.284277737
0.404028177
0.325883955
0.436482161
0.303840041
0.32781449
0.28949216
0.352825969
0.315920085
0.251474649
0.298508614
0.258778512
0.334037006
0.197265431
0.22290501
0.194747508
0.277381122
0.351342946
0.30501613
0.373616666
0.419413149
0.286341816
0.265441477
0.316225708
0.264168352
0.300944805
0.294442743
0.305553705
0.341542423
0.282356054
0.268609911
0.366123646
0.366638869
0.3508977
0.39487046
0.429463208
0.35733676
0.285956383
0.247131467
0.302336365
0.391477674
0.339739591
0.426031023
0.399663419
0.300485879
0.433676153
0.489211708
0.300836593
0.340109706
0.370802492
0.335515618
0.361579329
0.401543438
0.253168643
0.279543459
0.32093668
0.280076176
0.315729409
0.42737937
0.302921861
0.273187846
0.343317986
0.346696824
0.319608331
0.341679692
0.327903926
0.375434041
0.320952654
0.281593472
0.345550835
0.39085722
0.357686132
0.290275574
0.399729311
0.303435862
0.335467756
0.420375079
0.361643016
0.4182612
0.464008212
0.364895374
0.403708756
0.329679221
0.332594484
0.202491015
0.364886403
0.315971822
0.28991574
0.299243271
0.338699162
0.41106841
0.434201777
0.331963271
0.321981966
0.347775847
0.38517049
0.302906632
0.284327656
0.399456441
0.342277706
0.446554333
0.370965958
0.274155349
0.325465441
0.366932124
0.340806395
0.333160251
0.361839592
0.400170833
0.269849509
0.367040098
0.309668094
0.277596861
0.36958459
0.405014932
0.337052524
0.474136978
0.300894469
0.288659871
0.405123353
0.336380333
0.428456247
0.297165275
0.32839942
0.2730259
0.36672461
0.327389389
0.257247388
0.292394012
0.254878461
0.306122124
0.199067995
0.220629439
0.189382389
0.260006636
0.33335948
0.302923381
0.386020035
0.430797577
0.262195408
0.25164476
0.311028898
0.278468668
0.297879249
0.293400973
0.308535069
0.32449618
0.314295441
0.255240947
0.366377831
0.351982325
0.337232292
0.38395977
0.410057962
0.356531978
0.305124074
0.257134199
0.29821682
0.398649514
0.348954141
0.426224709
0.402555227
0.295021921
0.444397002
0.498397142
0.299822479
0.331245542
0.354764283
0.347553164
0.351217419
0.388841301
0.252609402
0.283019245
0.32687214
0.281352371
0.314738184
0.421979785
0.277888089
0.272445977
0.346699327
0.334796458
0.325154036
0.346443921
0.338836521
0.373225659
0.318373114
0.287400454
0.364786685
0.380635947
0.341520876
0.279200643
0.404941618
0.309290856
0.317715287
0.438976139
0.354875475
0.412803888
0.45398882
0.353700906
0.411447614
0.331202835
0.296375215
0.201286241
0.347284347
0.29090485
0.289511383
0.294991225
0.329920202
0.414344251
0.41891557
0.315435886
0.315024108
0.350392252
0.374968231
0.327966541
0.293197215
0.382263333
0.335897654
0.438462973
0.384578615
0.285627782
0.317541778
0.362900734
0.337505937
0.363211483
0.390379399
0.394396961
0.277433783
0.352369666
0.317785382
0.281738967
0.36629203
0.424058795
0.329747766
0.456201583
0.292520374
0.278592855
0.422587514
0.312054425
0.417341799
0.294650525
0.31839031
0.262621641
0.35937652
0.315282106
0.249381185
0.311516702
0.250708401
0.336541742
0.204357997
0.236221045
0.184202939
0.286301553
0.382773787
0.312076807
0.368688345
0.448770523
0.267976731
0.258418441
0.318096757
0.285987407
0.291368842
0.287360996
0.331380427
0.311962426
0.287496895
0.248072714
0.354195356
0.356710106
0.362987638
0.405226737
0.434952825
0.345781267
0.31031552
0.274489403
0.301665574
0.393829674
0.32548514
0.436356157
0.392500371
0.286999613
0.435019612
0.486967266
0.298624486
0.32875523
0.3702479
0.334523052
0.356856972
0.392382443
0.273233533
0.278506607
0.312925428
0.275206387
0.328300416
0.45035243
0.281743109
0.27267158
0.342092395
0.347169518
0.318685293
0.351929337
0.323202729
0.370885909
0.304364145
0.297503173
0.356462419
0.383629292
0.358445525
0.278706193
0.40599519
0.309118748
0.330321193
0.441815555
0.343144566
0.423415124
0.453202277
0.371452987
0.396609992
0.329751998
0.322866619
0.219760552
0.38066566
0.312893867
0.278213739
0.307296336
0.343013078
0.400625616
0.418789387
0.316730708
0.307670027
0.342076868
0.369258165
0.291956514
0.2816194
0.364673615
0.334727585
0.456215143
0.398656279
0.277189016
0.312622875
0.360391557
0.33427
0.343836099
0.40123412
0.405630499
0.270116299
0.373890489
0.309363872
0.277404904
0.386392355
0.398038536
0.345955312
0.458909631
0.273356825
0.276924133
0.407607943
0.326392293
0.446561128
0.311552376
0.328558415
0.277544171
0.356219172
0.321179926
0.255695492
0.304095834
0.266520321
0.318371415
0.193142608
0.222192198
0.197150543
0.272343487
0.365750581
0.315795153
0.379258811
0.438740849
0.264586478
0.256059349
0.314338088
0.275197566
0.302100837
0.27825439
0.315692216
0.312404156
0.293895125
0.244662717
0.346030623
0.337833583
0.346903384
0.40253371
0.412837863
0.362162501
0.318781793
0.26149419
0.286976099
0.40473631
0.324757099
0.417369038
0.400476754
0.29960987
0.416933298
0.517010808
0.311066449
0.331976116
0.357726127
0.335189581
0.336870641
0.409097552
0.251679152
0.287876129
0.312721789
0.282240272
0.316283613
0.445524156
0.274159461
0.267752141
0.330910146
0.331606656
0.31884563
0.354084074
0.332432657
0.386724681
0.310284227
0.287057012
0.338914543
0.371809155
0.365696192
0.29367429
0.381435484
0.299889058
0.332916439
0.451690823
0.357664108
0.420851797
0.456983328
0.365045518
0.423018396
0.338044494
0.314754963
0.200228825
0.362959981
0.313165992
0.305727482
0.29201299
0.339836538
0.410945117
0.409295171
0.33358857
0.310892582
0.340812594
0.364272833
0.2972987
0.279068768
0.382598072
0.346906692
0.454524815
0.375465155
0.287752807
0.313458472
0.365915388
0.336495221
0.326877803
0.389665037
0.401679426
0.256193906
0.363662004
0.308204889
0.294927329
0.354200959
0.434826493
0.336811244
0.471959382
0.288322449
0.29445225
0.424795777
0.313851804
0.440986097
0.281841487
0.331744283
0.269435376
0.344301134
0.313304543
0.248411849
0.30479309
0.286667407
0.310107499
0.177594364
0.2362542
0.196613699
0.267117709
0.306845337
0.314465821
0.377491832
0.407893807
0.269896626
0.257718474
0.323827237
0.29663527
0.305579901
0.277981013
0.336665243
0.345482498
0.295763642
0.261858135
0.342412651
0.341465741
0.363480479
0.404595762
0.426978439
0.340785116
0.295479745
0.255625606
0.308641374
0.402142942
0.336520046
0.409996301
0.384336472
0.300528437
0.431951106
0.485403091
0.311662972
0.35404411
0.348237932
0.334161907
0.36574468
0.405541986
0.26484251
0.279233664
0.313165039
0.2852799
0.309001595
0.433109701
0.27710548
0.260838747
0.34278509
0.335843951
0.293005615
0.343577474
0.323929071
0.383339554
0.313255996
0.277245492
0.36211741
0.395368099
0.356048137
0.279687047
0.402848423
0.300189823
0.334250391
0.449597031
0.369181931
0.405604213
0.44020319
0.371160477
0.403388411
0.332598418
0.30068621
0.206134781
0.365755707
0.309645891
0.312376112
0.301317185
0.34054479
0.409985691
0.431540847
0.318737715
0.321431726
0.342498451
0.357080966
0.303431064
0.288997054
0.407072067
0.330079436
0.433633655
0.378282845
0.288035572
0.329268366
0.36604172
0.33558923
0.346710056
0.386183441
0.383821934
0.272720635
0.382983118
0.330738395
0.285313517
0.373662531
0.417660922
0.346893698
0.457394123
0.284937471
0.289917648
0.398203969
0.321887314
0.46026656
0.291633934
0.325772136
0.275412649
0.343320906
0.297956139
0.264061749
0.323276192
0.283535838
0.312702805
0.201322079
0.230197519
0.192171857
0.270968914
0.318293214
0.31791994
0.368313372
0.418195009
0.282286167
0.259088576
0.319687337
0.27072829
0.299972892
0.307600588
0.316646606
0.338182688
0.300476044
0.257310271
0.353883415
0.350443155
0.338398904
0.421889931
0.436795026
0.321732163
0.307047278
0.266296715
0.311565578
0.388924897
0.319170594
0.425460488
0.391235024
0.302605391
0.443564326
0.49720934
0.29094553
0.336856812
0.367340058
0.340238869
0.367843628
0.404092818
0.266075939
0.286103666
0.315067738
0.293576926
0.324587762
0.44467473
0.283277959
0.276261091
0.340052009
0.361654371
0.325504392
0.351424843
0.332462579
0.352243602
0.313496113
0.29584083
0.352061629
0.365277708
0.361770034
0.27787146
0.394292623
0.31275025
0.310356051
0.451051652
0.367054105
0.424731791
0.442193657
0.361973345
0.393120259
0.33230567
0.32601285
0.20375447
0.401207983
0.317998528
0.275181562
0.305221409
0.343219817
0.406673104
0.415391356
0.336912334
0.327165246
0.353259563
0.392416179
0.301972002
0.282327533
0.405680925
0.316025913
0.461920112
0.380663007
0.271107107
0.324468821
0.366603076
0.341561377
0.350393385
0.383533448
0.3883425
0.286737323
0.367922634
0.319791287
0.270114213
0.359834015
0.408995003
0.358991385
0.45898059
0.300594687
0.273236722
0.395895511
0.333856672
0.446598053
0.31327799
0.33150363
0.260924697
0.360318184
0.312790751
0.263881087
0.311030388
0.271490574
0.32015264
0.209126651
0.243386
0.203545019
0.267142922
0.368427962
0.325374246
0.385944635
0.42141068
0.275784075
0.268848151
0.325294733
0.277457744
0.309103101
0.290172458
0.318452537
0.336113989
0.293383807
0.254058182
0.339494467
0.332427174
0.364729941
0.424488872
0.426664352
0.336217523
0.294016272
0.257604986
0.318693519
0.395135134
0.342801064
0.425860852
0.405802935
0.274532467
0.434889495
0.500663102
0.292432725
0.34312737
0.35984236
0.336499512
0.374327481
0.398460686
0.270159721
0.280024707
0.337295145
0.288933516
0.314207822
0.434571147
0.298469156
0.273278117
0.336565286
0.340506017
0.312993109
0.356484503
0.352530509
0.381369472
0.315329701
0.30169028
0.353335649
0.394815713
0.353348523
0.284685165
0.403116643
0.323089153
0.327454805
0.429548144
0.346570373
0.427885383
0.421578318
0.371816397
0.396154225
0.333936453
0.330997556
0.188562378
0.364244938
0.325307041
0.2831451
0.303379327
0.335089087
0.401044697
0.416539043
0.322539896
0.308014393
0.321406007
0.369636387
0.283225983
0.280785471
0.402945966
0.31771943
0.437505871
0.391512483
0.274348915
0.318689942
0.393116742
0.332927763
0.344145745
0.385989726
0.375716507
0.288331866
0.371242702
0.305805147
0.28367123
0.393789798
0.416246623
0.35171026
0.467782497
0.296763837
0.284471661
0.412394196
0.326949179
0.442043871
0.295320839
0.32822901
0.273196369
0.366797984
0.317667276
0.244081095
0.299727768
0.271289259
0.313327849
0.21451585
0.239630759
0.183475435
0.272485912
0.304395646