loss5
2.32534647
2.236498117
2.210638523
2.175910234
2.190597296
2.225412607
2.201699734
2.222968578
2.188717842
2.221898079
2.206156254
2.20809412
2.162567854
2.187419176
2.232169628
2.225487709
2.201328993
2.213309526
2.192170858
2.198125601
2.208137035
2.211978436
2.206788301
2.179043293
2.217076302
2.212629557
2.210603952
2.21219635
2.232760668
2.186610937
2.214996815
2.214200735
2.187835217
2.207147598
2.218286276
2.202871799
2.175042152
2.217316151
2.202414274
2.231956005
2.212978125
2.224818468
2.185184717
2.2204597
2.212771177
2.210654497
2.199257851
2.219974756
2.226348877
2.201579094
2.210427046
2.1819911
2.18616271
2.230389595
2.200796843
2.206139088
2.205591679
2.177349091
2.226171494
2.216737986
2.20805192
2.229151249
2.221839666
2.216236591
2.222415924
2.19867444
2.206076622
2.181203127
2.172347307
2.218597412
2.204221725
2.202724218
2.194459915
2.217237949
2.219997168
2.206075191
2.206771612
2.210381508
2.213469267
2.218489885
2.237563848
2.211225271
2.22060895
2.199005127
2.201341629
2.200629234
2.221415997
2.194857597
2.183771849
2.221784115
2.187699795
2.195699215
2.218711853
2.20510745
2.170416594
2.211326599
2.203161955
2.207262278
2.197633743
2.219349861
2.194870234
2.202051401
2.188302994
2.216222286
2.200249434
2.220318556
2.17211771
2.212465763
2.18328023
2.189368248
2.207751513
2.194604158
2.204642296
2.195141554
2.180711269
2.163410187
2.19341898
2.226089716
2.177192211
2.177551746
2.148317099
2.124891043
2.151517391
2.169872761
2.131082296
2.118848562
2.132641554
2.145051003
2.113907576
2.119613886
2.106977701
2.120800257
2.168312073
2.133168459
2.117763042
2.128540516
2.108087778
2.116756439
2.153757334
2.134152651
2.13318181
2.11544013
2.160205364
2.151382446
2.133053064
2.15720582
2.189430475
2.118233919
2.141863823
2.14831233
2.113140345
2.13449502
2.162108183
2.144603014
2.104090214
2.155321121
2.129879236
2.158617496
2.152729034
2.144229412
2.096713066
2.151521921
2.138787985
2.163663149
2.133176327
2.146793365
2.140369177
2.142354012
2.137985706
2.126801491
2.120842695
2.163464785
2.13287282
2.119157314
2.147739887
2.114076138
2.15694356
2.138945103
2.133653164
2.163232088
2.141610146
2.137480497
2.123912811
2.134712458
2.124254227
2.120036364
2.11692977
2.132768393
2.131902933
2.138913155
2.139979839
2.145378828
2.139566422
2.14490819
2.148788452
2.145128727
2.115943432
2.133517504
2.151521444
2.175529718
2.14774251
2.125894547
2.137619257
2.135499954
2.165558338
2.125399113
2.120623827
2.141098022
2.113822937
2.108996868
2.154643536
2.141384125
2.091042995
2.126467705
2.15261054
2.137242079
2.137248039
2.144696951
2.128549099
2.138548374
2.106383324
2.159150839
2.136098623
2.13606596
2.107569456
2.141702652
2.111114025
2.136264086
2.136547804
2.137979746
2.139039993
2.127907515
2.113229752
2.088360786
2.104116201
2.218635798
2.093673468
2.128106833
2.107729435
2.064763784
2.115214586
2.107548475
2.124806881
2.081224442
2.074133158
2.093015671
2.074998617
2.066205978
2.078455925
2.081702709
2.132408381
2.085394382
2.075585842
2.085183859
2.054628134
2.068802834
2.085599899
2.077882528
2.101216078
2.068012238
2.112982035
2.105283499
2.100470543
2.118375063
2.151037693
2.082883835
2.11177063
2.101578951
2.070679665
2.104020834
2.117291451
2.104309082
2.057355642
2.106090069
2.097584486
2.116565228
2.098701954
2.110287666
2.072932482
2.115690231
2.074215174
2.103619814
2.08934617
2.107636929
2.092544317
2.086571217
2.092787743
2.086651087
2.084568501
2.115292072
2.065282106
2.090973377
2.098342419
2.055954218
2.130528212
2.104886532
2.097356796
2.12138772
2.109701395
2.120614529
2.101027966
2.096794605
2.080652952
2.050475836
2.090494394
2.080471516
2.086122513
2.095615625
2.098258972
2.101321697
2.078161001
2.084611416
2.103758574
2.0759902
2.084063768
2.100961685
2.13226223
2.122194767
2.095413208
2.063103914
2.082729578
2.089973927
2.1128335
2.085564137
2.070108652
2.11253047
2.081239462
2.073690414
2.116934538
2.101917744
2.060159683
2.108280182
2.106521606
2.108640671
2.087191105
2.101539373
2.066405773
2.092223644
2.06414485
2.102145195
2.090523958
2.109827518
2.064484596
2.088788271
2.089698315
2.087933064
2.081120729
2.071229696
2.104599476
2.083925247
2.06085968
2.015657187
2.046087027
2.170186281
2.033930779
2.096621752
2.067085028
2.03295207
2.062735558
2.084303617
2.070439339
2.046990871
2.05418539
2.05811882
2.033057451
2.031335354
2.034899712
2.058560848
2.090363264
2.04807806
2.045394421
2.058223486
2.031157255
2.028258324
2.056985617
2.035094261
2.063153505
2.060295105
2.086606264
2.080278635
2.063685894
2.092978477
2.113820076
2.044038296
2.066213131
2.073307037
2.041191101
2.072486639
2.080707788
2.065286875
2.027857304
2.061232328
2.063814163
2.084816933
2.068130732
2.07861352
2.031732321
2.082954884
2.042244196
2.072776794
2.055597782
2.072156429
2.085636377
2.056230068
2.052364826
2.06341362
2.043709755
2.078289747
2.045464993
2.038957834
2.084693193
2.00600338
2.107476234
2.079798222
2.060527563
2.115155458
2.088671923
2.106707096
2.056957722
2.050806522
2.042751074
2.039298773
2.067849159
2.073724747
2.061777115
2.054527998
2.07678318
2.070119143
2.068219185
2.064436674
2.065473795
2.060320616
2.043118
2.042709112
2.082270622
2.094136
2.067196846
2.037986279
2.060716391
2.061975718
2.078362942
2.060870647
2.051695108
2.080374956
2.031196594
2.040122509
2.090871811
2.066368341
2.023464441
2.084863424
2.074848175
2.074612617
2.050716877
2.074596643
2.088200092
2.077884912
2.035323381
2.083592176
2.065899849
2.080206633
2.03275609
2.068059206
2.050602674
2.049461842
2.055799007
2.072980881
2.072309256
2.049720287
2.028504848
1.968658209
2.024817467
2.1276052
1.990946412
2.076304913
2.058572531
1.996569991
2.036154509
2.05060792
2.049516201
2.004432917
2.016370058
2.03240943
2.015133381
2.005690575
2.006971836
2.033189535
2.085246325
2.037833929
2.027776241
2.036351204
2.021192312
2.019008875
2.029789925
2.036929369
2.038539886
2.027471066
2.070042372
2.052993298
2.045165777
2.074044704
2.078410864
2.023462296
2.047560453
2.043385744
2.031636238
2.044747591
2.06665659
2.038916349
2.016241312
2.036679983
2.03360343
2.05627346
2.047142267
2.039988518
2.004174471
2.065636158
2.036530018
2.060590267
2.036392927
2.040761232
2.060251951
2.022156239
2.035479546
2.049659252
2.029119015
2.055869102
2.019559622
2.00802803
2.044243336
1.990929127
2.082305193
2.054193974
2.047028303
2.099307299
2.059375286
2.077569723
2.044405699
2.030650616
2.02788949
2.02385354
2.04222846
2.033283472
2.032394409
2.036719561
2.044758081
2.059047461
2.036825895
2.036294699
2.048844099
2.044484377
2.028855562
2.045320272
2.076749086
2.08967185
2.055446625
2.035177708
2.034114122
2.044814825
2.08663249
2.04178977
2.025139093
2.057651997
2.01172471
2.009241581
2.05786252
2.047227383
2.004681587
2.052600145
2.058636427
2.063723326
2.044691086
2.052227259
2.042105675
2.03984952
2.004783392
2.070798635
2.028341293
2.062720776
2.001349449
2.028296947
2.032571554
2.04274106
2.023691654
2.041481495
2.03882575
2.026100874
2.026781321
1.964981914
2.011384487
2.110874653
1.973570585
2.070715904
2.03663826
1.992200375
2.021441221
2.0349195
2.017246962
2.012297153
2.008178234
2.031568289
2.013087511
1.994866848
1.994624496
2.022392273
2.069079399
2.020364761
2.009506941
2.030607462
2.001945734
2.0055511
2.006324291
2.003888607
2.035460234
2.015827417
2.054576874
2.046035528
2.013174295
2.059608936
2.078423262
2.009950161
2.047932148
2.032932758
2.015686512
2.04138422
2.045952797
2.024548531
1.971522808
2.032780409
2.034921169
2.052034378
2.017170906
2.020416498
1.999826074
2.050163507
2.030755043
2.032311201
2.023801088
2.026463985
2.022366285
2.022761106
2.014938831
2.033899307
2.01260066
2.04867363
2.006651163
2.006489515
2.040354967
1.977315784
2.076889038
2.040205956
2.036234379
2.064235449
2.050438404
2.073261738
2.011879921
2.019033909
2.016292334
2.007127523
2.035590649
2.019570589
2.019083023
2.009684563
2.037728071
2.050240993
2.042701006
2.043679953
2.0351789
2.029256344
2.012006998
2.014812946
2.068102121
2.053375721
2.02772069
2.005645752
2.033278942
2.035027742
2.052946091
2.027191877
2.004080057
2.043429613
2.015291214
1.993206143
2.052377462
2.013055325
1.965684652
2.044831991
2.062031269
2.052703381
2.022978306
2.025112152
2.017254591
2.036953688
2.003365517
2.042975664
2.012019157
2.042623281
1.989486814
2.030248165
2.005764723
2.02462554
2.001162052
2.017042637
2.040404558
2.002988577
2.005007982
1.953394532
1.983878136
2.106021881
1.94195807
2.066687346
2.02405405
1.987427711
2.023406267
2.034352303
2.049874306
2.005102396
1.995630145
2.006535769
2.010350704
1.995579123
1.979205489
2.023626089
2.070262909
2.006598949
2.008097887
2.011367321
1.990070462
1.990596175
2.018673182
1.991783619
2.029943466
2.005172014
2.047235012
2.033237219
2.025044203
2.063135386
2.071304321
1.999197364
2.033629417
2.029619217
2.022220373
2.026611567
2.053523302
2.000161409
1.979630947
2.014246225
2.01114583
2.043643951
2.010871172
2.02678299
1.988458514
2.047141075
2.012033463
2.037946224
2.025395155
2.031600714
2.026076078
2.010607243
2.006971121
2.021290541
2.003962994
2.037173271
1.972573638
2.000072479
2.021216393
1.95734942
2.062064409
2.04823041
2.025007963
2.062820911
2.045725584
2.071768284
2.014111519
2.011357546
1.987531066
1.995181799
2.011807442
2.000231028
2.019031763
2.005062342
2.011182785
2.040881395
2.019047499
2.027023315
2.027852774
2.007507801
1.997019649
2.016627789
2.045928955
2.063207865
2.036610842
2.005646467
2.025202036
2.015630007
2.039109945
2.024389505
2.004740953
2.031603336
2.004622698
1.988652825
2.042596102
2.010071039
1.985322595
2.031907797
2.033430576
2.041115284
2.038974762
2.033811808
1.997028351
2.025635481
1.987573743
2.046132803
2.006856441
2.045295
1.982187152
2.00459981
2.009519577
2.014214754
2.008846283
2.009785175
2.023761272
2.023226738
1.999243259
1.945526719
1.996896863
2.120732307
1.959342599
2.045408726
2.020942211
1.983587265
2.007938862
2.031291485
2.028380156
1.999631643
1.989708066
2.012042522
1.99318099
1.992436409
1.979342937
2.008890867
2.049841881
2.005892754
2.004448891
2.007394314
1.970040202
1.979915619
2.016666651
1.996327519
2.007211447
1.998148203
2.051094532
2.034002066
2.009027958
2.030268431
2.070650816
1.977267861
2.020064116
2.023396015
2.012228727
2.030554295
2.033798456
2.024615288
1.988754988
2.022943258
2.017280817
2.031460524
2.013693094
2.018599987
1.979305506
2.036809444
2.024845123
2.025095224
2.008555889
2.019244909
2.029123306
2.003469467
1.998864055
2.013487101
2.015514851
2.025798321
1.992814302
1.98548162
2.018889666
1.966952085
2.059429169
2.032631159
2.014382362
2.069442987
2.032608032
2.051832676
2.015172482
2.010925293
1.973438501
1.994225502
2.017135382
1.997825027
2.019019127
2.02028203
2.026293039
2.041477203
2.026543379
2.007060528
2.005702972
2.023101091
1.990916491
2.011792183
2.035428047
2.051067114
2.030397177
1.998661637
2.010257721
2.019314051
2.040279627
2.021359921
1.999454856
2.025475264
1.993592858
1.980585456
2.029640913
2.008520365
1.976774216
2.029945374
2.033376932
2.037994623
2.009003878
2.019736052
1.99714911
2.022997618
1.971512914
2.030997276
2.011407375
2.019854546
1.985195518
2.015305996
1.997264624
1.99652338
2.006099463
2.009310246
2.029702187
2.008715868
1.985329151
1.930883408
1.979033589
2.054243088
1.946357965
2.05673337
2.021632195
1.969485402
2.001208544
2.027205706
2.005957365
1.989390373
1.984489441
2.003909111
1.989421368
1.989140153
1.978264689
2.012967348
2.049151182
2.0151999
1.990553498
2.00462389
1.981569886
1.975756884
1.977648139
1.990206838
2.012170792
1.982270241
2.032372952
2.031753302
2.015459776
2.058130741
2.059582472
1.978335738
2.022101879
2.017928123
1.987755537
2.009100914
2.046178818
2.007383108
1.980083823
1.999551415
1.99945581
2.025476933
1.99898243
2.003437519
1.97612226
2.05901432
2.009083986
2.023547173
2.015675068
2.005968809
2.025846004
1.996375203
1.990856171
2.023680687
2.011505604
2.047013998
1.976757407
1.992361546
2.022296667
1.961828351
2.049699306
2.039402962
2.020364761
2.056869507
2.040381432
2.04650116
2.018134117
2.001499891
2.000911713
1.975394964
1.995095968
2.003868818
2.009526968
2.007359028
2.007723093
2.019858122
2.004091263
2.001611471
2.00847888
1.997597218
2.000782728
2.017577648
2.040974617
2.038215876
2.022790909
1.98310256
2.007748127
2.020964861
2.039184093
2.009447813
1.990991473
2.025182247
1.998712778
1.974742413
2.012549162
1.991509914
1.98341012
2.011809587
2.015982389
2.026138544
2.010813236
2.005152941
1.985319734
2.01482439
1.966693997
2.029595613
1.996982217
2.00988102
1.965851545
2.002168417
1.985880017
2.01185441
1.999360085
2.002379179
2.003468037
2.004098415
1.964233518
1.925821543
1.957908273
2.088796854
1.940295339
2.039201736
2.008648396
1.978072524
1.985956192
2.025960684
2.014897823
1.994146824
1.98842299
1.999405622
1.979112267
1.97174561
1.971973181
1.989995241
2.038487434
1.993305206
1.978441715
1.999092937
1.972795129
1.973013282
1.997922421
1.975813389
2.008430004
1.99980998
2.038762808
2.011190176
2.001224995
2.041743279
2.056969881
1.976952434
2.014839411
2.031039715
1.994229794
2.007355213
2.034575224
2.009988785
1.981107593
2.006780148
2.009684563
2.018424034
2.002535343
2.004355669
1.970344543
2.030871391
2.002441406
2.010330677
2.012775183
1.997608066
2.000736237
1.990665913
2.005366802
2.007516146
1.993923903
2.030853987
1.991120338
1.986682177
2.001961708
1.956993818
2.036818266
2.022661448
2.022799253
2.040443659
2.029555321
2.046744585
2.014574289
1.999266028
1.983408451
1.982322335
2.012223244
1.983880758
2.009448767
1.996863484
2.01415062
2.022081614
1.999234319
2.004746199
2.005087614
1.99625361
1.988037705
2.001591206
2.023968697
2.038849592
2.02601862
2.00477767
1.996427655
2.007967949
2.031014442
2.011615038
1.992430449
2.027846336
1.991945982
1.955734611
2.017850637
2.017717838
1.953118682
2.019722939
2.012175083
2.011306286
2.012968063
2.021579504
2.004066706
2.030688286
1.96768117
2.023065329
1.99896872
2.022340298
1.971090317
1.99778986
1.988275647
1.996417403
1.986368775
1.997388124
2.003507376
1.987689257
1.963507056
1.926442146
1.954902887
2.080711603
1.927695274
2.04472065
2.007120132
1.964124203
2.004542351
2.011788607
2.005634308
1.971975684
1.991081595
2.000809669
1.969699383
1.981757641
1.963087201
2.006549597
2.03309536
1.987040281
1.992390513
2.000606775
1.977027416
1.977052093
1.987233639
1.989240408
2.004435539
1.993538737
2.034291029
2.022148132
2.01564455
2.036387205
2.059852839
1.980296135
2.004728794
2.014729023
1.990462303
2.009274483
2.026307583
2.009974957
1.956642509
1.994402409
2.014023781
2.029806614
2.003880262
2.002322674
1.956387877
2.026732922
1.980404139
2.016586304
2.003457069
2.012938261
2.028241158
1.983096838
1.992846608
2.005216599
1.993220329
2.034043074
1.977370977
1.992408514
2.006483555
1.948787212
2.045942307
2.004992008
2.001909494
2.048115969
2.026890516
2.040263653
2.009889603
2.006454468
1.976033926
1.975806236
2.00800252
2.010885715
1.987068534
2.00743866
1.994958878
2.024970531
1.981753349
2.008544207
1.998067856
1.995989799
1.969166756
1.991972685
2.033845901
2.051156998
2.022907495
1.981122732
1.994337559
2.005617857
2.032167435
2.014326572
1.99344492
2.018695831
1.983281851
1.958298326
2.021459579
1.997919321
1.946810484
2.028282166
2.024789572
2.010523796
2.007631063
2.007697821
1.988935828
2.010635614
1.974751353
2.014598846
1.984428644
2.026245594
1.959908009
1.99414587
1.978230715
1.980367661
1.99838376
1.999923944
2.024986267
1.981478214
1.977783442
1.923486471
1.949276328
2.062624216
1.917082429
2.039098501
2.016211987
1.956670284
2.002584934
2.026312828
2.034998417
1.981427312
1.980775952
1.996287465
1.975055337
1.98277986
1.980137706
1.989286542
2.037483692
1.97611165
1.976447344
1.994295716
1.97499156
1.977902651
2.003594875
1.971662164
1.994808078
1.984436989
2.019843817
2.022678375
1.985546708
2.033097029
2.035963774
1.965208173
2.016602278
2.015169859
1.997247696
2.011487246
2.030145884
1.997246504
1.960439086
1.998938918
1.987784147
2.025221825
1.993297935
1.991300941
1.959536195
2.042104959
1.998826504
2.023385048
1.999812603
2.018052101
2.023853064
1.98344624
1.990647316
2.011395931
2.0079391
2.02244997
1.983214855
1.99348402
2.004168987
1.938277721
2.074585676
2.000711203
1.999505758
2.041662693
2.029247284
2.043385267
1.983697295
1.989090204
1.974547267
1.964861274
2.0096457
1.980679512
2.001706123
2.000635147
1.991734266
2.016810179
1.996078253
2.003869534
1.990344882
2.006549597
1.988775253
1.985530496
2.03676343
2.050843954
2.015383244
1.976295233
1.987205267
2.004453897
2.03427434
2.001796484
1.985992074
2.025989532
1.973281622
1.953582883
2.009079456
2.011438608
1.945307136
2.028773785
2.029448032
2.02038002
2.005264759
1.993743896
1.988226771
2.019640207
1.966773152
2.012418032
2.005893946
2.011241436
1.979106545
1.996520162
1.972697139
1.992222548
1.987275362
1.985186219
2.005451441
1.980106235
1.985390663
1.912858486
1.952183485
2.050593138
1.929992318
2.048137426
2.009478092
1.962112188
2.014394999
2.021373034
2.006205797
1.98678112
1.989590764
1.999051332
1.974985123
1.971415758
1.973480344
1.986361027
2.035445213
1.998075843
1.967205405
1.990286231
1.968507409
1.97130394
1.991027355
2.001467228
1.996227145
1.987777352
2.036029339
2.026679277
2.003906012
2.029878139
2.055746317
1.987756371
2.02234292
2.00390172
2.000211
1.994490743
2.030977964
1.993581772
1.969078422
2.005555391
1.998507857
2.011516571
2.010245562
2.005836248
1.951255322
2.017084122
1.985282421
2.00482583
1.998038173
2.007657051
2.021542788
1.990192771
1.986778021
1.993239284
2.01230073
2.016394377
1.972769022
1.987964392
2.007689238
1.955055714
2.048380136
2.022745132
2.003169775
2.035889626
2.040164471
2.026749611
2.005497456
2.000592709
1.986367941
1.978381157
1.996122003
1.979607582
2.000841856
1.993022203
2.003990412
2.021612167
1.991744876
2.001984835
2.002457619
2.000000715
1.974359274
1.998765588
2.026997328
2.028389215
2.007030487
1.978283167
1.997456551
1.996264219
2.029268503
2.003876209
1.972079515
2.014992952
1.999360323
1.957285643
2.026319265
2.016638994
1.948264837
2.009364128
2.027746677
2.006868362
2.004671574
1.998266339
1.981318235
2.015903711
1.955263257
2.019016981
1.987980366
2.012492418
1.964041591
1.990379691
1.979400396
1.989111662
1.992775917
1.989063621
1.999343514
1.976862669
1.976819873
1.916040063
1.94460845
2.075066328
1.920431137
2.03307128
2.020510435
1.967206478
1.990406871
1.998760104
2.012091875
2.002476454
1.972831488
1.995935917
1.967203975
1.960452676
1.959358215
2.003090858
2.042712212
1.996842742
1.974839211
1.980825782
1.957287192
1.961352468
1.97645402
1.978081822
1.999268293
1.971339583
2.039516687
2.025206804
2.004012346
2.022169113
2.058511019
1.986791253
2.002911091
2.009523392
1.987957835
2.003984451
2.027864218
2.004433155
1.966318369
1.999187469
2.002407551
2.015322208
1.997614861
1.99641943
1.963878751
2.023940325
2.016127825
2.013502598
2.002289057
1.997110486
2.00863409
1.992694736
1.998958826
1.985395551
1.982517362
2.005717278
1.968720794
1.981689811
2.023519516
1.965241909
2.0395329
2.015614033
2.009231567
2.039903164
2.022869587
2.027186871
2.012085676
1.994573593
1.968963265
1.975268006
2.006539583
1.976459026
1.988056064
1.982765675
1.999758482
2.028518915
1.99501586
2.012613535
2.003157139
1.992324591
1.984078646
2.0046525
2.032927513
2.039814711
2.002660751
1.993809581
2.001859426
1.986319304
2.01107192
2.011952877
2.000344276
2.019418001
1.985344768
1.965652227
2.022556305
2.002889395
1.939642549
2.026444912
2.013975143
2.014016867
2.010017395
1.997524023
1.978554964
2.012008905
1.963364601
2.019291639
1.994685173
1.996594191
1.967285275
1.999815822
1.987285376
1.998852372
1.990446568
2.003247738
1.990566373
1.97166574
1.962338686
1.898289204
1.964668155
2.063907385
1.90520215
2.045461416
2.019706964
1.960543633
1.98650682
2.013645172
2.019609451
1.978329539
1.976403713
1.998599887
1.980730414
1.976106763
1.972672701
2.005618572
2.041429043
1.99714911
1.980661988
1.992670894
1.971122861
1.976198792
1.983478427
1.986356735
2.002970457
1.983490109
2.044747353
2.024984598
1.98982513
2.026647806
2.063782215
1.974626303
2.019286871
2.000807285
1.986035705
2.001911163
2.021379232
1.988393664
1.965010762
1.984554529
2.005342722
2.01391077
1.996676087
2.007011175
1.973539948
2.031905651
1.988161087
2.007216454
1.990686655
2.017716646
2.015133381
1.986415267
1.983445883
2.00650692
1.995296121
2.009296179
1.962804794
1.991232872
2.011399984
1.956073284
2.051072359
2.022027731
1.985767841
2.046917915
2.03417635
2.028099537
1.993825316
1.991695881
1.979570627
1.968561172
1.99712956
1.970934868
1.995209098
2.010042667
1.993691444
2.019593
1.991371751
1.994593859
2.001320601
1.987044215
1.965622544
1.992909908
2.025171041
2.034865141
2.01129055
2.000337124
1.990574837
2.005101681
2.037577391
1.99710083
1.980040789
2.025266886
1.973665476
1.954953313
2.009690523
1.994675398
1.949561477
2.021294117
2.007685423
2.018332481
2.004544973
1.999299765
1.990207195
2.016881466
1.968771338
2.010372162
1.997892857
2.012570143
1.973789692
1.992013693
1.979693651
1.979734063
2.000394583
1.985086441
1.994986892
1.981304526
1.972193599
1.910981655
1.960653186
2.059116602
1.918774486
2.023658752
2.023640156
1.97384882
1.99938333
2.013837099
2.00853467
1.998519182
1.979562283
1.994345903
1.974126577
1.960432768
1.958744526
1.986093402
2.039019346
1.982594371
1.97596395
1.988417745
1.962324619
1.955135345
1.991740108
1.964247108
2.003744364
1.985917449
2.032986164
2.041358709
1.991621017
2.010529995
2.047502279
1.965506792
2.023137808
1.99411571
1.98104763
2.009391546
2.025310278
1.989092708
1.964508772
1.991984606
2.009943962
2.01082325
1.990014434
1.987266779
1.958349228
2.041642904
1.991043329
2.023809433
2.003795147
1.985807419
1.994052649
1.983046889
1.994408846
1.996705532
1.989104629
2.025698185
1.968985677
1.994451761
2.021158934
1.950872421
2.046641588
2.014754772
2.001217842
2.049249172
2.021237373
2.035710812
2.001567364
1.973839045
1.969829917
1.965028167
1.989687204
1.973726392
2.008689165
2.003778696
2.008117437
2.021066666
1.991170168
1.987726092
2.005908012
1.986856103
1.972964883
1.990347624
2.02912569
2.045157433
2.025355101
1.970239878
1.997109652
1.997858167
2.02589345
2.006750107
1.985316396
2.016566038
1.966085315
1.951326489
2.006171942
1.994377971
1.941724658
2.00774169
2.019119501
2.021336317
1.998624682
2.016281605
1.985404491
2.001525879
1.96163702
2.008001089
2.002919197
2.01839304
1.968381286
1.972883582
1.98759079
1.985984921
1.976922989
1.997075438
2.002215624
1.987840891
1.968479514
1.908472776
1.959956527
2.069223166
1.91457963
2.03055954
2.002351522
1.960914016
1.986323237
1.997218132
2.01951623
1.979216576
1.982900858
1.979752183
1.973693371
1.972774386
1.969500542
1.986667752
2.037404299
1.993637562
1.991154432
1.999269485
1.97232306
1.9685992
1.991718411
1.969493747
1.992983699
1.972742081
2.030139208
2.015969753
1.99507606
2.03122592
2.052102089
1.97542274
2.000342846
2.015694618
2.001811266
2.003212214
2.012705803
1.992344022
1.972004414
2.006186485
2.010460615
2.020356894
2.00097847
2.004258633
1.953088999
2.039957285
1.985218167
2.015184164
2.010255575
2.00007987
2.008923531
1.984803915
1.992463231
1.990280271
2.000209093
2.013275385
1.957506895
1.972703815
2.012978077
1.964707732
2.057546854
2.010563612
1.99669385
2.046841621
2.018089533
2.040218592
2.014582396
1.994646549
1.975671649
1.966778636
2.00202775
1.982138395
2.008966684
1.974998116
2.023594379
2.018675327
1.997291803
1.987968564
1.98593092
1.987439752
1.96913445
1.994618535
2.028591871
2.03204155
2.010894775
1.967037916
1.995567322
2.002923012
2.028034687
1.997464538
1.996109247
2.018464804
1.979231954
1.971643686
2.020927191
1.986721992
1.953128815
2.00271368
2.023905516
2.021308899
1.996099591
1.986604691
1.980782509
2.003956318
1.968901157
2.012416363
1.989978433
2.017652273
1.969198465
2.009152889
1.983405113
1.988411069
1.998014092
2.003382683
1.995208502
1.993807316
1.967987418
1.90768671
1.955539107
2.05492425
1.917494297
2.038265467
2.010867834
1.964241028
1.99510181
2.002675533
2.008864164
1.977439404
1.97106123
1.995740533
1.971153259
1.961123109
1.970469832
1.987107754
2.043970585
1.991998076
1.98320508
1.991807342
1.968953371
1.967491746
1.987788081
1.978914857
2.000283718
1.972796321
2.029600382
2.016686201
2.006454468
2.024212599
2.054406643
1.962171674
2.010455847
2.018736124
1.991310358
1.992382884
2.029064894
1.994473457
1.9641608
1.994359851
2.006349325
2.036417961
1.999745369
2.006392956
1.958438396
2.03736043
2.008239985
2.021092653
1.984959364
1.98942852
2.01530385
1.989629626
1.988766551
2.00104928
1.998561621
2.027609587
1.978611708
1.984871626
2.004139185
1.9474231
2.042726994
2.011468887
2.01502037
2.043346882
2.009915352
2.043387413
1.999110103
1.983308673
1.977462411
1.965278029
2.010749817
1.981352687
2.001652956
1.975175381
2.005668402
2.020578861
1.986864924
1.987019897
1.999848723
1.990916252
1.979494333
1.996967435
2.024325848
2.034918547
2.019595385
1.980639458
1.999072552
1.983999014
2.029179573
1.99394989
1.968517303
2.021366596
1.982668638
1.95455575
2.020111322
1.985565424
1.95192647
2.01483798
2.006704569
2.018412113
1.985901356
2.01274085
1.968870759
2.00455761
1.945035577
1.996089935
1.992846966
2.01054287
1.955431938
1.98691082
1.976528287
1.997166038
1.985754848
1.975780606
1.998461008
1.97974503
1.965786338
1.909502268
1.96024251
2.076515198
1.928484201
2.029746294
2.002269983
1.957999825
1.992111683
2.005657434
2.003642797
1.972850561
1.968841076
2.001358986
1.978540778
1.958734155
1.972229958
1.987264752
2.029990911
1.998739004
1.987147331
2.001416683
1.950475693
1.959459186
1.972205758
1.979111552
1.990444422
1.974600315
2.019928694
2.02372241
1.997820854
2.027396202
2.056768656
1.973393559
2.016278028
2.007288456
2.007469893
2.001033306
2.035783052
1.994187713
1.950495958
1.989646554
1.987285137
2.015267849
1.985618234
1.99017942
1.967294455
2.042510033
1.975260973
2.015268326
1.983449221
1.998610973
1.999433041
1.971898079
1.976413369
2.015620708
1.978474498
2.01580739
1.97863698
1.991216183
2.013309479
1.948472023
2.040646076
2.007140636
2.003737926
2.026851177
2.024731398
2.042229891
1.993102908
1.996567488
1.989620447
1.97195816
1.998549104
1.991381884
1.99189651
1.996617317
2.00210309
2.007061481
2.012902021
2.004301071
1.990829825
2.005202055
1.994372249
1.985700607
2.023828268
2.025434971
2.007397175
1.989390969
1.987284184
1.999536276
2.01358366
2.000395536
1.978355169
2.018979549
1.980497599
1.953619003
2.016056061
1.984125376
1.944447637
2.011489391
2.012029886
2.011087894
2.009426594
1.999312043
1.983155251
2.03053093
1.95462966
2.014527082
1.97864306
2.025109291
1.955636144
1.988903403
1.976460814
1.99008584
1.97940433
1.984938145
1.994164228
1.988330007
1.969399452
1.925153375
1.969145298
2.074867249
1.907152534
2.033632517
2.009924412
1.953633785
2.004657745
2.021696091
2.004520178
1.978434443
1.97424376
1.98421967
1.970713973
1.962284923
1.959434748
2.000012875
2.03195858
1.983911514
1.96960938
1.9830966
1.957843661
1.967279792
1.986495137
1.986846209
2.006222486
1.97691071
2.024576664
2.013416767
2.019797564
2.034561396
2.052191734
1.978238463
2.010722637
1.997849584
1.987287998
1.987103939
2.016011238
1.976070881
1.95635736
1.986551881
1.986490369
2.026233196
1.995159388
1.990265012
1.954387069
2.025047541
2.001422167
1.998496056
1.986155152
2.009477377
1.997845054
1.990187645
1.993273139
2.007617235
1.998514652
2.01825881
1.963033795
1.997938395
2.022555113
1.952195406
2.065138817
2.01136899
1.990938187
2.043694258
2.017677546
2.043349028
2.009939909
1.999538064
1.977586389
1.97844708
2.005436897
1.980098844
2.00885129
1.976896882
2.011048317
2.012615681
1.992437243
1.993121505
1.992269039
1.987074494
1.974532843
1.991666317
2.027565956
2.040874481
2.010820866
1.972601652
1.998520494
1.995908737
2.026418209
1.988179207
2.000977993
2.017285824
1.983193755
1.956647754
1.998294473
1.989038706
1.951929092
2.020371914
2.010021448
2.017790556
2.001619816
2.006479025
1.994931459
2.000102758
1.957391858
2.034485579
1.997822404
2.026129007
1.959349871
1.982602358
1.987589359
1.989686847
1.970994234
1.975476384
2.003247738
1.994790435
1.967396498
1.917602777
1.948004484
2.031446218
1.913126111
2.041640997
2.006497622
1.948740721
2.004433393
2.01038909
2.016383648
1.981303215
1.968811512
1.987054825
1.959371924
1.955989242
1.971804142
2.003226757
2.026124477
1.991538167
1.988327503
1.988003016
1.970574737
1.972640634
1.994762063
1.983929038
1.997090697
1.988389015
2.020258188
2.014924526
1.997969508
2.022936583
2.050660133
1.979671955
2.011019468
2.005705357
1.991659999
2.021835089
2.014280796
2.000551939
1.963878989
2.003162146
1.995436192
2.026179075
2.003196239
2.002567291
1.964651942
2.020051241
1.981605053
2.023187399
1.997646689
1.996468782
2.017848969
1.989061832
1.973865747
1.99865675
1.991327524
2.022898912
1.965070844
1.974802971
2.02189827
1.937959194
2.036524057
2.00771904
1.998155117
2.043249846
2.01777339
2.029527187
2.007169247
1.998543501
1.970796704
1.964830875
1.997891665
1.973673701
2.00808692
1.985191107
1.998748779
2.021012545
1.983729005
1.991310954
1.991196752
1.996616602
1.964420676
2.001257896
2.039698601
2.037786722
2.005057335
1.979410291
1.989791632
1.989326596
2.024022818
1.99080205
1.977944732
2.030481339
1.976285458
1.959675789
2.011884451
1.99887383
1.954028606
2.016703606
2.018803358
2.016685009
2.000673294
1.989880204
1.979940772
2.004862547
1.961598039
2.007845402
1.982250929
2.026915789
1.953028917
1.992192388
1.980448246
1.988330483
1.993802786
1.988162279
2.009954214
1.969530702
1.957552671
1.91903007
1.960346341
2.073676348
1.926346421
2.026570797
2.002586126
1.965350866
1.995756984
2.011109829
1.984291792
1.974646091
1.976900458
1.991734624
1.973516941
1.980272412
1.964752197
1.982092381
2.028824091
1.980715632
1.984977961
2.000348568
1.96099484
1.962992907
1.98514092
1.977639198
2.006300688
1.970010281
2.020390034
2.027218342
2.005530596
2.013796568
2.059722662
1.968854785
1.990826249
2.000348568
1.992844462
1.983748436
2.020180702
1.997391105
1.964034081
2.000137568
1.989010692
2.024051905
1.99467957
1.997586489
1.958478689
2.030496597
1.975664139
2.021205425
2.006738424
2.01222229
2.020995855
1.987765312
1.983426809
1.999260068
1.99913168
2.026479244
1.973677993
1.988280296
1.996667266
1.93774271
2.052522182
2.004202127
1.991892099
2.043220997
2.031876564
2.044207335
2.001241922
1.98535347
1.971149683
1.966059685
1.997511506
1.990863323
1.995021224
2.000411272
1.979764104
2.008782625
2.000137568
1.996024609
1.996747851
1.989006877
1.980713844
1.995822906
2.032231331
2.046365738
2.018516779
1.982214808
1.985236883
1.985241771
2.01328516
1.997633815
1.98971951
2.011900902
1.990336537
1.953557849
2.02542901
1.99105978
1.944662929
2.003541708
2.012081385
2.017135143
1.981000662
2.001802206
1.983890295
2.011092186
1.970763445
2.016699076
1.994746804
2.024428368
1.957963347
1.983560562
1.97043097
1.989243984
1.982262254
1.977352023
2.002325296
1.991289377
1.96575892
1.906847596
1.958420992
2.018030167
1.927417517
2.035556078
2.018150806
1.952208757
1.984575868
2.002582312
2.011083841
1.977606177
1.971772075
1.978513122
1.979354858
1.951418161
1.9593997
1.985655308
2.030973196
1.987954021
1.991335273
1.987200856
1.973375797
1.961977243
1.998059988
1.963992238
2.010971785
1.973148108
2.032567501
2.010861158
1.999153852
2.026112318
2.056663036
1.984101295
2.028589487
2.023001194
1.971752167
2.003446341
2.022008419