2.32534647
2.236498117
2.205646038
2.092490911
2.111885786
2.076704741
1.977954149
1.964662194
1.922299504
1.9558779
1.916206837
1.873749733
1.877987862
1.782718778
1.98773098
1.755202055
1.806712508
1.778721929
1.783285379
1.719329834
1.68568337
1.707846642
1.676695943
1.689011693
1.838548303
1.887084484
1.608675003
1.814001322
1.969563127
1.567173719
1.687775493
1.679342151
1.629309773
1.799402952
1.851359725
1.466234207
1.469417453
1.691709399
1.566908836
1.642103434
1.603567362
1.529306173
1.474338889
1.61677587
1.51445961
1.477681041
1.625444174
1.507846117
1.56030345
1.411668658
1.358915448
1.460813284
1.483401656
1.629641652
1.397209644
1.451804519
1.550591469
1.323659658
1.627811432
1.568058252
1.459907889
1.641733646
1.524741054
1.656868458
1.40534091
1.393878698
1.305936098
1.383447409
1.448551416
1.40412271
1.316928983
1.382355571
1.524259329
1.347641349
1.368357658
1.290839553
1.27863276
1.478188992
1.324803472
1.292571545
1.363908887
1.44446063
1.616415143
1.400117517
1.199564457
1.381312728
1.383598924
1.286745787
1.317021489
1.368860483
1.397077203
1.172481298
1.419623852
1.372954607
1.159344912
1.39740622
1.357464552
1.216232896
1.330611467
1.227535248
1.046076179
1.271320343
1.117363334
1.368209124
1.101926208
1.167309403
1.038248777
1.120681643
1.160717726
0.960636079
1.065571189
1.186768651
1.234595656
0.987630546
0.979441762
0.824610054
0.951112449
1.06238234
1.025190949
1.314267993
1.198211432
0.93319571
0.973627269
1.099651337
0.990024805
1.027103662
1.129009843
1.118209362
1.078375816
1.110133529
0.996563435
1.137472034
1.203927279
1.19734621
1.277874589
1.128807545
1.00037241
0.997588575
1.011131048
1.054937959
1.142854452
1.120640635
1.214556694
1.244725704
1.00098896
1.22291553
1.287489176
0.918389261
1.21757257
1.166958213
1.01204133
1.197770119
1.307726502
0.86517036
0.982630491
1.096499681
0.953621268
1.09427464
1.077978373
0.91407162
1.004921913
1.002629161
1.076431155
0.84955132
1.09104991
1.000232816
1.133494496
0.978725195
0.892724156
1.00982964
1.112478614
1.095390677
0.965847731
0.979999244
1.057449341
0.958732486
1.113934278
1.121074677
1.065944076
1.225443125
1.089989781
1.166633248
0.99816829
0.985737681
0.830474555
1.071117759
0.979917049
0.98988384
0.891709864
0.904721558
1.023449659
1.003448606
0.955309808
0.982640147
0.894956887
1.152770281
0.947666466
0.971149862
1.038566589
1.040795207
1.181946754
1.012010932
0.912824392
0.956823707
0.976086974
0.896779478
1.013051629
1.018313766
1.014913797
0.840307534
1.041435003
0.951427042
0.848186433
0.991821587
1.035570741
0.904664516
1.010969639
0.944683075
0.848898351
0.971795201
0.827332139
1.026858926
0.891866207
0.909632802
0.775449693
0.849462032
0.955874681
0.785869896
0.862477362
0.953390598
0.885143518
0.718837917
0.736091852
0.655154526
0.787233233
0.790086806
0.799043596
1.028376102
1.069790363
0.838153005
0.813753188
0.771948278
0.900304973
0.808625698
0.828918993
0.902089059
0.917072117
0.906592846
0.807138801
0.918520153
1.020800471
0.998214722
0.936388075
0.973517239
0.814707279
0.859954774
0.9324283
0.81046778
0.950974643
0.889053941
0.97949785
1.05587256
0.824605942
0.959974647
1.262639523
0.806176662
1.000606656
0.91029495
0.7927351
0.980169296
1.056002498
0.781179309
0.775592983
0.940904319
0.780520737
0.861423492
0.95965451
0.734343588
0.856046021
0.848669469
0.927449644
0.799118519
0.878042936
0.820240676
0.911035955
0.832715988
0.79239285
0.856790721
0.893934429
0.847064793
0.779013574
0.890184522
0.835518718
0.766126096
1.060438156
0.910550892
0.901793599
1.029478431
0.863903522
0.965361238
0.866840184
0.813313305
0.71456188
0.90782094
0.776309967
0.837541819
0.790808737
0.85549736
0.859785438
0.8389557
0.760605574
0.827506959
0.815635741
0.975412428
0.845451534
0.852237403
0.909331977
0.91234225
1.078905702
0.917886615
0.848880649
0.845734954
0.931345344
0.787434518
0.889124274
0.916951835
0.905047536
0.746091425
0.896878958
0.867262483
0.82334429
0.884108007
0.961862743
0.839537799
0.948522747
0.7649616
0.688584983
0.905771732
0.788940847
0.926572323
0.7867468
0.783270538
0.69323504
0.84976083
0.793389976
0.649799883
0.798206687
0.786367536
0.891776323
0.651838601
0.589909494
0.593540907
0.672575891
0.881002486
0.805279315
0.963032961
0.874550402
0.759358287
0.792511225
0.802424371
0.782131612
0.792000473
0.741271794
0.76614666
0.752726257
0.775360346
0.733921826
0.758327305
0.964680791
0.874949694
0.981516242
0.910093904
0.797486246
0.70640713
0.782001436
0.764227927
0.925408065
0.824403942
0.86983031
0.949956715
0.777130783
0.959739268
1.105777383
0.707715452
0.898455262
0.89040482
0.848651528
0.905816376
0.940249026
0.722927928
0.677312076
0.915876448
0.753180087
0.846216977
0.950773656
0.71794498
0.738448501
0.781794071
0.838195026
0.769193232
0.821314633
0.772656679
0.821849704
0.841562986
0.6704337
0.781565964
0.877510071
0.916113675
0.743120909
0.813946486
0.860042393
0.779638529
1.056742191
0.882873356
0.912296712
1.076454043
0.891899049
0.885535181
0.880477071
0.815992773
0.639871836
0.830089211
0.735484481
0.740701437
0.731940746
0.806510329
0.841131389
0.872900903
0.766757131
0.726040483
0.779632926
0.901020586
0.743905067
0.737757623
0.928651035
0.911186874
1.046244025
0.809392869
0.716255009
0.786941051
0.867588758
0.765734017
0.770509005
0.921097875
0.837133706
0.68843323
0.867806911
0.78477335
0.757341981
0.906098723
0.972086668
0.842562258
0.850734413
0.771857142
0.649636745
0.84224993
0.739244461
0.904527307
0.703517139
0.789787292
0.610022426
0.732207239
0.773399949
0.677451849
0.732841253
0.705836952
0.766228378
0.568208337
0.578237057
0.477616459
0.659635782
0.667597473
0.714169085
0.871954203
0.93994838
0.64567548
0.697245717
0.737068415
0.709994912
0.697647274
0.726350129
0.805039346
0.737012982
0.742122531
0.685558438
0.824463725
0.867955267
0.899885714
0.952047706
0.87620002
0.746580124
0.672317803
0.721054018
0.738827169
0.833761096
0.80020231
0.902237952
0.840204358
0.660495996
0.943861485
1.01071012
0.733866513
0.787741482
0.860212326
0.780597627
0.915546238
0.947369695
0.643769205
0.678968012
0.754322112
0.657230914
0.749557197
0.78229934
0.685468495
0.767026842
0.830517709
0.780517817
0.747507453
0.790045738
0.774795592
0.913204551
0.788817048
0.599880457
0.698939204
0.863977671
0.840270579
0.687799931
0.81467241
0.788888216
0.707830489
0.966475129
0.789925456
0.848688483
1.002144694
0.842722952
0.860083103
0.771595061
0.740893722
0.630411029
0.886182904
0.657182693
0.754751921
0.710216284
0.748662531
0.806749105
0.819113791
0.717899978
0.708292305
0.737886667
0.872051775
0.712571204
0.749570966
0.830652595
0.837467551
0.989117563
0.840608656
0.648860335
0.754975259
0.804786563
0.734231174
0.845723867
0.80384773
0.888234377
0.683769763
0.797617972
0.786858857
0.665744424
0.832697034
0.868350565
0.750490367
0.835064173
0.724184692
0.614243925
0.757021964
0.649435759
0.900945246
0.6988796
0.720334411
0.579159439
0.795248508
0.675085008
0.627816498
0.689352214
0.722987115
0.796408236
0.559192777
0.550027251
0.496652633
0.677304208
0.77975601
0.638694167
0.78297621
0.860019565
0.636136055
0.687568486
0.699391246
0.613262296
0.685932279
0.679819703
0.727575421
0.660506606
0.687101364
0.668688834
0.75995028
0.883170366
0.827983797
0.884454191
0.851359129
0.718997359
0.68667078
0.671823919
0.678083718
0.803326726
0.732400358
0.871150911
0.918137908
0.646383822
0.904340088
1.035743475
0.629881799
0.845056415
0.77549988
0.707583547
0.759022057
0.852671981
0.620776355
0.626738548
0.835270643
0.671665847
0.793061376
0.806492031
0.666395545
0.739487112
0.67763418
0.750222564
0.674550712
0.779024899
0.723041415
0.881638646
0.735930979
0.611738205
0.736649573
0.867545187
0.824037731
0.696893394
0.772238553
0.748115778
0.641866326
0.983512521
0.800260544
0.746981561
1.026224971
0.787350714
0.882209241
0.745040119
0.634472609
0.599976718
0.863487542
0.712278128
0.740845859
0.63129431
0.693548262
0.776030242
0.807477951
0.683132827
0.719282985
0.730538189
0.839066982
0.684342504
0.641613543
0.904441416
0.86412555
0.942135751
0.768967927
0.687310278
0.677236855
0.807454348
0.70391041
0.790427208
0.812218249
0.849076271
0.656874597
0.838225842
0.79162401
0.702942371
0.864339352
0.803441942
0.684653819
0.864146471
0.702633142
0.682916343
0.789149642
0.623322308
0.862457454
0.689244926
0.720827281
0.583702981
0.736636996
0.704607844
0.589135706
0.650012195
0.650298595
0.776919425
0.553115547
0.445445716
0.458139688
0.698468566
0.73853153
0.642474711
0.86739099
0.84952873
0.60497731
0.689236999
0.641089916
0.639699042
0.698636591
0.634614766
0.757102847
0.719516873
0.666941822
0.59538877
0.736463308
0.771340489
0.796202004
0.830495358
0.779300153
0.660158575
0.625546932
0.630972207
0.715964317
0.826874554
0.705069959
0.819058955
0.947368026
0.679231107
0.855075657
0.918957233
0.685467958
0.760360777
0.812990904
0.753322661
0.84463352
0.867999792
0.627276242
0.615985096
0.753424168
0.66936022
0.715977132
0.832366407
0.650838077
0.740091026
0.778243124
0.819423437
0.660623133
0.721156716
0.660122335
0.784417331
0.686186612
0.604451478
0.68064636
0.790652394
0.801326752
0.658203423
0.779709816
0.767813385
0.694021285
0.918404043
0.823463321
0.760685027
0.955577135
0.746317863
0.929557323
0.714695156
0.647158682
0.587979019
0.823072076
0.704016626
0.660739064
0.672210813
0.673786461
0.790358424
0.826629937
0.692276061
0.691862583
0.661795497
0.784379482
0.71011126
0.69127667
0.818710446
0.844024658
0.966823161
0.752574146
0.637664735
0.66512233
0.81690675
0.620248675
0.766406834
0.81130743
0.78964901
0.597620189
0.84844321
0.793810308
0.617247403
0.780455112
0.899269164
0.708483458
0.846165061
0.677750289
0.593815207
0.769025505
0.622422576
0.771269977
0.640331984
0.669393241
0.620102465
0.652135909
0.649035156
0.590741038
0.63454783
0.659062386
0.723396182
0.598347247
0.51665324
0.442661524
0.586182475
0.67410773
0.655806541
0.825624228
0.778004706
0.610194743
0.596571088
0.692487836
0.655127704
0.670656919
0.675919592
0.71626997
0.669516921
0.650942743
0.608943284
0.711995721
0.807170331
0.779221773
0.90250653
0.786707342
0.642676771
0.631030858
0.633476615
0.64307797
0.762472928
0.671743274
0.826034844
0.869056046
0.666312337
0.888553858
0.994426548
0.641463578
0.765134454
0.758360922
0.664210856
0.743820965
0.83469522
0.605519414
0.633723199
0.753107846
0.681548536
0.68510139
0.790767968
0.663406968
0.673506021
0.717351556
0.799499094
0.694228649
0.740692794
0.644889414
0.795194805
0.690332651
0.589941978
0.708002388
0.773856223
0.805846989
0.625810921
0.715762913
0.696160257
0.612179816
0.895256698
0.753248274
0.767558217
0.989852548
0.757078052
0.83965528
0.753569722
0.613224149
0.541473567
0.780950963
0.636675477
0.703270137
0.66272831
0.655721962
0.767429531
0.721935511
0.677859724
0.659231305
0.608644009
0.811109662
0.683676958
0.629640698
0.888676405
0.826016545
0.910318613
0.720843017
0.645049214
0.6696859
0.745009542
0.662016869
0.719695985
0.774057448
0.799201488
0.640659034
0.756996036
0.696484327
0.618008375
0.779154003
0.828905284
0.730233014
0.829671144
0.656862319
0.567379713
0.754059255
0.659665704
0.823481977
0.642373383
0.761939883
0.587073445
0.718369663
0.675643981
0.529562116
0.631571114
0.62179929
0.759653986
0.529940009
0.472637266
0.488919795
0.588442981
0.670725167
0.65945375
0.799725473
0.857094288
0.587286115
0.622367799
0.630417883
0.652137637
0.709881485
0.660429239
0.650531828
0.640946567
0.621881604
0.571728826
0.704637468
0.802359641
0.784740567
0.846514344
0.790459514
0.668534338
0.700121045
0.657676578
0.683623433
0.781115949
0.665290713
0.791990638
0.862068713
0.629874289
0.836631835
0.970035017
0.623445213
0.768585503
0.705954671
0.708132982
0.748947322
0.83795929
0.581137121
0.59260112
0.71917069
0.64122951
0.691373825
0.738671839
0.714011431
0.62335062
0.718690395
0.690806806
0.696987152
0.688045979
0.654487729
0.786186695
0.724940836
0.59870404
0.692387223
0.760051906
0.737960815
0.616901696
0.756813228
0.801665485
0.639951587
0.888732791
0.793273389
0.772592008
0.903564692
0.755302727
0.79920423
0.697126806
0.684170902
0.543563962
0.812875152
0.675834596
0.715183735
0.608588457
0.645707548
0.774457514
0.773389101
0.688832283
0.648199975
0.65664041
0.763455689
0.702320933
0.689899504
0.760745049
0.797478855
0.947398543
0.751484334
0.627870619
0.642574131
0.718781352
0.684848487
0.714428425
0.766944587
0.797830284
0.568264663
0.768434167
0.697837353
0.635556817
0.760481536
0.807906806
0.722677171
0.819880009
0.638659298
0.585913837
0.750813246
0.608087361
0.84372741
0.542884767
0.76016891
0.563950121
0.712584198
0.682980359
0.519700766
0.665831983
0.666891932
0.72463572
0.564806879
0.47866562
0.451621205
0.602832317
0.645429075
0.637520492
0.758086801
0.764265716
0.574667871
0.661269188
0.678181708
0.593078375
0.650674582
0.615606189
0.704556942
0.644932151
0.577600777
0.598841369
0.770168304
0.755059361
0.756125033
0.821586668
0.787682056
0.685087621
0.675072491
0.58382529
0.647825658
0.806174517
0.679591238
0.827177525
0.828223407
0.646012723
0.821835876
0.995959044
0.623334229
0.809729159
0.788370907
0.733031392
0.773365438
0.842540741
0.618794739
0.61040175
0.744589269
0.578438222
0.670038044
0.769418359
0.694015861
0.637480915
0.651300013
0.838203907
0.649571121
0.695263565
0.646345437
0.832262874
0.659413755
0.60226202
0.69596076
0.721005261
0.760695398
0.613760173
0.744154632
0.713497639
0.650858462
0.858899951
0.757437825
0.785095453
0.909689248
0.738519192
0.767540514
0.704915106
0.685620189
0.545037508
0.748845041
0.629267693
0.661298394
0.644821882
0.646615148
0.788612664
0.760504067
0.638975501
0.59023881
0.671526015
0.767523527
0.68301326
0.688267469
0.780125201
0.797940314
0.941871047
0.706376255
0.601632833
0.612473547
0.795728087
0.661640465
0.679886699
0.793702543
0.784873724
0.626115739
0.785630763
0.674093306
0.606864095
0.774022222
0.810851753
0.644784749
0.854682207
0.655231774
0.632840574
0.788563848
0.600866079
0.823485494
0.651228726
0.695525229
0.53799206
0.714094639
0.63236928
0.545120418
0.636538506
0.601072252
0.757110298
0.46952194
0.458711594
0.440587372
0.57439065
0.630889595
0.622919738
0.859421313
0.78124243
0.605549693
0.630476296
0.619212091
0.607625067
0.646343589
0.629970431
0.740475535
0.658270657
0.635739088
0.651676774
0.679859459
0.764124334
0.832419395
0.839153469
0.78388077
0.660748482
0.599755526
0.591716349
0.640300274
0.78852725
0.69708401
0.80336839
0.8500247
0.640234709
0.873859465
0.928360581
0.610148728
0.745963335
0.798997104
0.690725505
0.80874294
0.805772066
0.511660755
0.619631529
0.706065953
0.618845999
0.708296895
0.805568874
0.672334015
0.633808315
0.743904471
0.717606664
0.663072526
0.712112784
0.630716026
0.806723654
0.636600494
0.548513949
0.640218794
0.742441118
0.780753255
0.655507147
0.727916777
0.767508328
0.634083509
0.859373152
0.701306522
0.733321965
0.893128991
0.717156172
0.765251279
0.675266325
0.664109826
0.58258009
0.749087095
0.695720494
0.696399808
0.651762664
0.705995739
0.707953095
0.818994462
0.657135844
0.660688162
0.649056077
0.749090552
0.673268974
0.61688143
0.80062443
0.820047379
0.900910437
0.790531814
0.676742613
0.705232859
0.742673337
0.640402555
0.73544699
0.746560812
0.759631336
0.603944182
0.847983539
0.68701303
0.659506381
0.750819743
0.842863142
0.744682908
0.768708885
0.645996332
0.626554549
0.720012367
0.612958252
0.782898188
0.623519003
0.664899707
0.567686021
0.733450353
0.673235893
0.601969182
0.60309279
0.649240375
0.661604226
0.480004996
0.430871844
0.413489282
0.607465267
0.638519466
0.619669497
0.813499331
0.763377428
0.58395052
0.611917317
0.622974932
0.552005112
0.66873616
0.63947469
0.713295996
0.646547377
0.606077135
0.565904379
0.751080155
0.770293355
0.808565557
0.862863004
0.781186759
0.640693724
0.637774587
0.585682273
0.590100408
0.801575959
0.738810182
0.850630879
0.872993529
0.617802978
0.793584406
0.985059559
0.575321436
0.753628433
0.735063672
0.722735405
0.796975672
0.780624926
0.584130406
0.586377025
0.7531932
0.610900104
0.67745471
0.822939634
0.630362988
0.578928709
0.727276504
0.72306633
0.623408437
0.725295961
0.658560395
0.836448014
0.62639302
0.559505999
0.670109868
0.763169885
0.746899068
0.597694099
0.806572556
0.762533665
0.62495786
0.852766335
0.739693046
0.734529138
0.910176218
0.770041406
0.828226328
0.648568213
0.663271248
0.544876575
0.796675324
0.64479053
0.615713418
0.626859665
0.625543475
0.718502939
0.78616035
0.662457526
0.610214174
0.678806782
0.762344897
0.588668883
0.664689839
0.806791127
0.770097673
0.901032686
0.731887698
0.596402764
0.712066531
0.725258052
0.651080847
0.738347173
0.763297379
0.772361159
0.588824749
0.757790029
0.685883343
0.590881228
0.80321306
0.792956293
0.710350871
0.80193311
0.602810144
0.661766171
0.750643551
0.616583765
0.789032578
0.624304295
0.664057493
0.539897919
0.671483278
0.668199122
0.490396678
0.620509863
0.640248418
0.73471874
0.482702374
0.457741618
0.415940881
0.57957238
0.612213552
0.581482351
0.770305216
0.757818103
0.622900903
0.610256791
0.685265362
0.619652867
0.652101457
0.637358904
0.621997118
0.668173611
0.632863462
0.559189081
0.671848476
0.784034431
0.773970485
0.794362247
0.740243852
0.604778349
0.617980659
0.608597338
0.566993833
0.745543003
0.624591708
0.748382866
0.840562999
0.649989128
0.859591603
0.911099136
0.626537204
0.783339798
0.784915805
0.660997868
0.745688319
0.812659562
0.60335958
0.61461103
0.742027402
0.576492846
0.711143613
0.749636889
0.616203547
0.685696661
0.703497648
0.71919626
0.605490625
0.701409757
0.619076908
0.761547446
0.627719998
0.588835299
0.66592741
0.759023488
0.806204438
0.64075315
0.683278382
0.67791307
0.616922736
0.866443515
0.752719164
0.733512938
0.948627532
0.699966192
0.715813935
0.633221209
0.671302021
0.528170109
0.789119542
0.654629946
0.687487662
0.678765893
0.645907938
0.696683526
0.768886983
0.66722393
0.614990711
0.659655809
0.78802377
0.638557494
0.620267034
0.794033468
0.761590302
0.903084993
0.749843419
0.611305058
0.693936884
0.759741426
0.660399079
0.725968599
0.786946654
0.82801646
0.548006773
0.776785135
0.684589267
0.573688149
0.796007931
0.792484641
0.640846014
0.76182133
0.633321464
0.612590075
0.777450502
0.635249376
0.799209595
0.637501359
0.724486709
0.517729461
0.691689551
0.646695852
0.570595145
0.606803119
0.599122703
0.670289576
0.494588464
0.44378826
0.4240309
0.631761551
0.689489365
0.600929022
0.774451911
0.735613286
0.597661257
0.556756079
0.665235579
0.651922703
0.676763356
0.663694561
0.687208593
0.579895616
0.628140926
0.601504445
0.699533165
0.723436236
0.718129396
0.803549051
0.692950904
0.613344252
0.603619933
0.588213503
0.677071452
0.826075196
0.666870415
0.759889722
0.868975163
0.631173611
0.831374288
0.920512617
0.598888934
0.725230753
0.705051064
0.671599448
0.777920842
0.877386034
0.612866282
0.618531704
0.726992548
0.570119619
0.710798204
0.801484525
0.609960258
0.642361522
0.7224738
0.746035576
0.623704135
0.677885175
0.587977767
0.820664883
0.6852386
0.571039975
0.651517451
0.734761715
0.782073736
0.631604254
0.735229373
0.718243599
0.675501406
0.903033674
0.764666319
0.696694911
0.933390141
0.745005488
0.832221687
0.661403418
0.699383616
0.57403791
0.666601241
0.624968112
0.639906824
0.631440699
0.741052628
0.75183928
0.704301357
0.663446486
0.667361438
0.666241825
0.801686764
0.622122169
0.58976692
0.782186925
0.794328868
0.90142256
0.731226444
0.630450428
0.726054728
0.733353555
0.655000687
0.643177748
0.800870955
0.747644782
0.642551899
0.701076686
0.774223506
0.639312804
0.767654121
0.795751989
0.625636876
0.790483177
0.668758214
0.623446822
0.77115047
0.633607686
0.766860068
0.641383052
0.731674314
0.578886211
0.715760767
0.660210848
0.553654373
0.610919774
0.669740915
0.691060483
0.472274929
0.437942207
0.431846619
0.585147321
0.678073883
0.644522548
0.774186969
0.810565472
0.570250988
0.663429439
0.674858689
0.678225875
0.628069639
0.612001538
0.682733595
0.611161709
0.675397813
0.568590701
0.752721548
0.770076036
0.67579484
0.774517
0.76273036
0.657304466
0.673440516
0.590594113
0.605768681
0.815634131
0.633818448
0.803460717
0.792447746
0.606220245
0.801820159
0.9377051
0.584096551
0.721485078
0.727212906
0.75034982
0.722507536
0.8300758
0.563290119
0.588345945
0.729271472
0.55367744
0.699391484
0.768112481
0.608895183
0.668536484
0.711072206
0.749415338
0.656480193
0.736975729
0.637710869
0.755610645
0.628166735
0.602166176
0.706432164
0.766341567
0.736385882
0.622481048
0.692838788
0.705597341
0.615246713
0.888791084
0.731746316
0.791429043
0.929340601
0.697352886
0.811765671
0.693133056
0.696000457
0.553690016
0.805195689
0.607125938
0.650763035
0.67936331
0.624908268
0.72226429
0.84532088
0.64477396
0.62390846
0.641657829
0.701915443
0.644695163
0.681196511
0.828003764
0.734918892
0.91989398
0.733501315
0.636272907
0.671139121
0.792581022
0.661727309
0.706583738
0.756640434
0.720744848
0.606896341
0.697991848
0.75582397
0.654010177
0.784584761
0.819144428
0.641020536
0.750932932
0.65762192
0.594044209
0.726358831
0.585819185
0.80396831
0.586768448
0.618411243
0.538349092
0.727103531
0.679961264
0.501334965
0.63034761
0.606170714
0.671554387
0.496410966
0.455864489
0.415506124
0.586113572
0.629454911
0.582664311
0.745283365
0.801573396
0.560013771
0.626407921
0.61172682
0.625137329
0.638346076
0.592818975
0.665610075
0.638714194
0.605887115
0.528256238
0.686409235
0.745475411
0.742362618
0.827737629
0.765326083
0.659502625
0.653460622
0.566813111
0.641051054
0.695419312
0.687087059
0.792705536
0.771888971
0.622976363
0.890086651
0.920206845
0.56627214
0.765805721
0.72870034
0.699844122
0.778327048
0.756312609
0.564853728
0.595674634
0.794133723
0.532161593
0.726866186
0.782923162
0.570160806
0.674186945
0.685767889
0.73593086
0.622205794
0.734914184
0.63863337
0.818493009
0.665412843
0.575169325
0.683541715
0.728012443
0.781058609
0.607952833
0.70625931
0.683868051
0.655364037
0.822878957
0.70890975
0.701140702
0.930099964
0.715317965
0.796294391
0.683683217
0.681558013
0.536309898
0.733474016
0.591074109
0.673667967
0.650169194
0.6322577
0.743391573
0.768002868
0.672865272
0.648310304
0.630726695
0.70019877
0.686001122
0.640447497
0.785953879
0.829786241
0.943159938
0.821664453
0.586936891
0.710397005
0.724290788
0.6712538
0.714698255
0.72774452
0.805405498
0.568536222
0.797875881
0.733812034
0.614237487
0.743387997
0.764769793
0.709151506
0.787579775
0.683715284
0.576181173
0.746938288
0.649429917
0.83428216
0.641626656
0.659816504
0.526082993
0.743519485
0.642672658
0.537501991
0.62958914
0.621604025
0.682276845
0.461442888
0.501745045
0.436500311
0.59178257
0.613889277
0.601442397
0.745999157
0.815951526
0.622255862
0.593721449
0.671849072
0.665623128
0.575611115
0.60006392
0.645612538
0.650300682
0.594844997
0.549293399
0.638264477
0.676141024
0.730012178
0.819048882
0.767315328
0.695361793
0.649010122
0.615279853
0.684206426
0.744435787
0.675535977
0.811620831
0.824816525
0.625493169
0.775609016
0.902367234
0.603493273
0.721633971
0.711628735
0.617385626
0.782587588
0.835257351
0.585761487
0.603432536
0.763375282
0.583908081
0.679241955
0.737816274
0.640463889
0.628880024
0.711435497
0.721592844
0.661375225
0.691879928
0.604983807
0.793787241
0.60863018
0.590707123
0.659436107
0.75837028
0.734671354
0.629150569
0.75210619
0.758403718
0.659639716
0.870811641
0.727633595
0.733165324
0.879591048
0.720852613
0.810443699
0.719804347
0.649558425
0.558612704
0.717769623
0.672165513
0.650997341
0.632454157
0.672922969
0.706468165
0.775146723
0.683715284
0.643484116
0.674207211
0.762183666
0.664665818
0.683695734
0.770294547
0.817075014
0.894218206
0.714899004
0.552884877
0.708203673
0.703377962
0.621743321
0.674035788
0.756073892
0.738411784
0.614907205
0.771334469
0.691591918
0.648136199
0.787726104
0.758198857
0.660808802
0.738615751
0.684956253
0.533800662
0.723468482
0.584534287
0.784932852
0.60920465
0.721549451
0.530567706
0.666465163
0.68490839
0.534482896
0.628486574
0.636338353
0.727707982
0.463283509
0.490860939
0.481709987
0.605460227
0.564869821
0.60735631
0.732110023
0.790919304
0.555998027
0.622693658
0.673596144
0.591481507
0.594764113
0.666974723
0.742384732
0.679216981
0.601508617
0.5678792
0.655457735
0.713870049
0.783479571
0.843547285
0.731773436
0.633351386
0.602743328
0.531693578
0.701181531
0.761150897
0.684302747
0.712054193
0.823980033
0.613107383
0.80756259
0.940994322
0.588938653
0.739039481
0.70536983
0.689756989
0.792816639
0.799836516
0.598939836
0.584934115
0.71257776
0.554981172
0.739129305
0.740208805
0.593995094
0.626056731
0.679250717
0.738907039
0.661361635
0.670697868
0.621788681
0.774494112
0.677086294
0.604347169
0.664586484
0.761124611
0.817339063
0.636531591
0.726661861
0.733724177
0.610255241
0.868568242
0.769765913
0.839331806
0.876540899
0.73272872
0.763799787
0.671169817
0.678860903
0.577337921
0.734312952
0.640524983
0.618690312
0.600057364
0.620736659
0.81726706
0.783066928
0.687281549
0.550693035
0.690223157
0.766462803
0.630745947
0.650279164
0.840928614
0.783048213
0.948743463
0.740528941
0.661409676
0.62729305
0.769835353
0.667679965
0.708351552
0.72565639
0.760818779
0.598351359
0.795527399
0.74448657
0.60628444
0.724421203
0.765296102
0.666619778
0.774632215
0.651531637
0.619778514
0.765643954
0.574055731
0.806402802
0.639715493
0.668145537
0.524805605
0.680294931
0.646715701
0.489155173
0.672121346
0.607116282
0.683588505
0.476856321
0.46512869
0.409253895
0.521846473
0.48689127
0.623469174
0.748963535
0.747604132
0.522646964
0.57663697
0.620232284
0.579256296
0.648725212
0.650913537
0.708990753
0.620887935
0.602716565
0.561493874
0.675886154
0.782265365
0.737621605
0.796747804
0.804400682
0.660544336
0.606152296
0.60760808
0.616656005
0.741957963
0.648885846
0.729586363
0.85936904
0.588347256
0.807212532
0.896901965
0.583864808
0.720366418
0.71230495
0.692361116
0.815672755
0.850449502
0.549188316
0.569927394
0.736028373
0.581539631
0.652025819
0.822630584
0.596506238
0.613988757
0.7287094
0.694878757
0.639107585
0.754760385
0.633069992
0.748889148
0.70615387
0.585918725
0.714835048
0.703332722
0.733394742
0.625764132
0.709336221
0.754131496
0.630511761
0.878421903
0.739581287
0.762796223
0.917903364
0.78377986
0.777408838
0.737149239
0.674302459
0.462017179
0.780889809
0.614010751
0.708661735
0.685135603
0.632642746
0.785215974
0.802417874
0.689727545
0.625567853
0.598729491
0.755731821
0.648480415
0.585164487
0.813903749
0.765229464
0.912121356
0.736780107
0.64202702
0.66463834
0.728549957
0.702952385
0.757168889
0.754110515
0.756877124
0.63829565
0.812586546
0.73811996
0.578072071
0.767830133
0.770183206
0.663330913
0.847948551
0.605195701
0.647815526
0.721500337
0.617548406
0.864791632
0.604235709
0.671752632
0.583567977
0.640270889
0.641299963
0.562081933
0.58959651
0.666482627
0.701346815
0.473237962
0.478485346
0.431209147
0.603305459
0.640490115
0.578428626
0.720095634
0.739136815
0.578574896
0.5873909
0.554535627
0.63266921
0.605454743
0.664852023
0.642512918
0.658266127
0.623862684
0.57056272
0.727399528
0.774427712
0.721128523
0.807889104
0.729589939
0.630433619
0.632933676
0.620282888
0.655741394
0.738395989
0.71574527
0.790797412
0.829892457
0.584106028
0.842351019
0.916006088
0.564666927
0.702276886
0.751647174
0.695795178
0.799645841
0.836961389
0.551784337
0.519972682
0.709354699
0.622265279
0.779974222
0.77723223
0.634917676
0.647420943
0.700438797
0.760236323
0.686495304
0.743607759
0.638899505
0.753637433
0.710205734
0.57990849
0.643597305
0.741763949
0.808588445
0.587649703
0.726611376
0.673577547
0.68957454
0.86048317
0.773380518
0.710441887
0.93827498
0.733344495
0.811273575
0.710349202
0.635611892
0.537855268
0.751101196
0.694326043
0.682606459
0.657882035
0.637735307
0.772759795
0.713809192
0.676962733
0.564274311
0.629276931
0.745867789
0.644988
0.672825515
0.789536655
0.816076517
0.826806247
0.744428992
0.614395142
0.699225485
0.673736513
0.635070264
0.685227156
0.715621591
0.78142494
0.607780457
0.726752639
0.705815375
0.610580564
0.748037338
0.786685228
0.661095738
0.824043512
0.628655553
0.569827557
0.765375495
0.623951733
0.763385415
0.65619272
0.694742262
0.557751596
0.720302403
0.627905488
0.566619039
0.639690578
0.599821329
0.678828537
0.500912368
0.489502102
0.406754553
0.568721414
0.463077515