2.32534647
2.34725523
2.313666105
2.294150591
2.312345266
2.364185572
2.286449432
2.274142981
2.305743456
2.306879997
2.295887232
2.302262545
2.267534971
2.251056433
2.295954704
2.261178255
2.251251698
2.223321199
2.227286577
2.190646648
2.217173815
2.203215122
2.213053465
2.142116785
2.216422796
2.229724646
2.183260202
2.182591677
2.229137182
2.129699945
2.162328482
2.152709484
2.157829046
2.139276028
2.189370394
2.111626387
2.08870101
2.098108053
2.136284113
2.18724227
2.087229252
2.126725912
2.13684082
2.146677017
2.101544142
2.083530188
2.088298082
2.055824518
2.06291151
2.035695076
2.031420708
2.021022797
2.042620897
2.09047699
2.047878742
1.972370625
2.011987925
1.972872615
2.082701683
1.98745966
2.022603512
2.053716183
2.027534008
2.042772055
2.024615288
1.995503306
1.96323061
1.951806664
1.99435854
1.957369089
1.980553389
1.952126384
1.982249618
1.996712208
1.957595348
1.920262098
1.947634935
1.934942842
1.887726426
1.918711901
1.984656334
1.961353064
1.951840043
1.883034825
1.861343145
1.906469107
1.959424019
1.877160668
1.864787579
1.907798767
1.883567929
1.844272733
1.893446326
1.831171989
1.803354859
1.860886931
1.875282764
1.911358476
1.848247766
1.867153525
1.849324584
1.827955604
1.775492072
1.831902385
1.842782855
1.849374652
1.796713591
1.810419798
1.724056959
1.809857726
1.770993233
1.765719652
1.776989579
1.749562025
1.785987616
1.694321394
1.706084132
1.843583107
1.712232828
1.808356047
1.828004956
1.681169391
1.751087785
1.77851665
1.737634301
1.754060149
1.753903389
1.755610704
1.750735998
1.717968702
1.75031352
1.757208228
1.828804851
1.742789268
1.793120623
1.690456986
1.758057117
1.70203805
1.735687733
1.722875476
1.69922626
1.749237299
1.790550947
1.779681802
1.723846316
1.753316641
1.902160406
1.667657852
1.732415557
1.743588805
1.731355548
1.743347406
1.825135827
1.679478288
1.667173982
1.746691108
1.733244658
1.793862462
1.680271149
1.723736763
1.706099272
1.748005986
1.673145771
1.676449418
1.716737032
1.653338194
1.716310263
1.698758245
1.652982831
1.699433446
1.700376034
1.686002254
1.670294285
1.618126631
1.674151301
1.596473932
1.78128922
1.740912199
1.695854425
1.74949789
1.728048801
1.738171458
1.689317465
1.574430823
1.587624669
1.576084256
1.613006949
1.605046391
1.616868496
1.598762751
1.617459297
1.668624878
1.563328981
1.588553786
1.553423166
1.613608718
1.548452616
1.59182477
1.70077467
1.709059715
1.698939323
1.603893399
1.558602095
1.594395518
1.631001711
1.643375278
1.601626396
1.604354858
1.588835955
1.534926772
1.590158701
1.52414
1.474111915
1.569116235
1.558046341
1.647278309
1.584673285
1.515430808
1.566685557
1.553502083
1.468519568
1.566132426
1.548525572
1.58592391
1.500006318
1.486864686
1.423820615
1.441853762
1.515406489
1.479929447
1.510963559
1.474993467
1.484485269
1.400835276
1.406159043
1.57325542
1.411194801
1.546169043
1.517119408
1.409126163
1.488467693
1.478659511
1.48699677
1.447317719
1.481057167
1.532534719
1.447299123
1.488560915
1.487002492
1.487205505
1.59534514
1.479224563
1.53483057
1.460685253
1.511858344
1.340545774
1.454597235
1.426545739
1.42098701
1.495149732
1.502215385
1.580987096
1.468160272
1.542858243
1.666490555
1.418180227
1.480814934
1.451957822
1.492053032
1.510185003
1.589063764
1.359619737
1.404940128
1.474110961
1.475304842
1.483306289
1.415925384
1.435194612
1.382333517
1.536361456
1.42489624
1.387399912
1.455352426
1.414687872
1.479867935
1.359282613
1.407227516
1.474252939
1.440897346
1.437268496
1.399526119
1.373366594
1.451848269
1.365498066
1.61885488
1.495649219
1.492098093
1.521904349
1.508639812
1.489011645
1.485153675
1.390452147
1.354981899
1.398329616
1.427890539
1.413438678
1.376706719
1.344295979
1.406534195
1.451046944
1.387110233
1.360426068
1.36726737
1.455959201
1.366955519
1.390823483
1.500238657
1.422899008
1.512958765
1.343846083
1.362036824
1.434926987
1.413170576
1.386227369
1.415471435
1.423282981
1.427149057
1.33478117
1.455727458
1.331229091
1.284208059
1.412561178
1.370089293
1.472678542
1.426400542
1.340680122
1.362585902
1.390286922
1.247601867
1.357749581
1.345085979
1.36255765
1.314860582
1.299729347
1.265692234
1.256519556
1.306364298
1.309281349
1.315801978
1.237714052
1.254855752
1.162563562
1.22064662
1.334222674
1.268796802
1.357377172
1.377092242
1.237405181
1.249609709
1.340823054
1.328435183
1.285662293
1.260875583
1.307733417
1.250508428
1.280411005
1.239325762
1.334858179
1.41495645
1.268906474
1.371620417
1.293144345
1.302645922
1.227502823
1.277263165
1.270773292
1.311791062
1.25163722
1.386480689
1.382505774
1.290962815
1.381917834
1.55701983
1.268529654
1.289097309
1.317890644
1.312315822
1.305463195
1.398663878
1.228334308
1.228837371
1.321390986
1.289715171
1.37954843
1.294406891
1.266150832
1.223994732
1.371851921
1.279217958
1.223742723
1.30629766
1.277167559
1.320532203
1.256326914
1.214217782
1.341939688
1.269607067
1.281116247
1.265118837
1.212083817
1.298781991
1.20266664
1.413815141
1.334290028
1.309801459
1.369923234
1.356078863
1.324966669
1.288455248
1.19961679
1.171875715
1.238261223
1.259467363
1.209866524
1.222645998
1.235591888
1.287339091
1.292760015
1.227737784
1.211351037
1.252408266
1.294836164
1.181592584
1.234469056
1.376127839
1.348351359
1.330298781
1.254747272
1.235735059
1.278957009
1.321925521
1.269978762
1.293587685
1.27433598
1.26300776
1.178088784
1.286533594
1.209505796
1.129358053
1.296326876
1.281570911
1.348237634
1.31319046
1.212388396
1.230753303
1.311570525
1.140336633
1.281748891
1.260054946
1.240070224
1.185362577
1.224296451
1.187834978
1.13907671
1.231177449
1.203185081
1.280719161
1.163939714
1.171926141
1.062498808
1.092064261
1.227300286
1.159462094
1.303636074
1.294516325
1.145386934
1.137440205
1.220553398
1.197124243
1.196973324
1.199848771
1.202444792
1.211153507
1.151992917
1.158068895
1.249976397
1.363656282
1.210746646
1.255826831
1.217773199
1.216836095
1.129187822
1.208219647
1.184534788
1.189154387
1.200933099
1.302493691
1.288720846
1.231250405
1.279420376
1.464451671
1.165463924
1.244980097
1.282652974
1.24063921
1.273467183
1.342114449
1.134370446
1.140282154
1.245442867
1.192632794
1.277686715
1.174360394
1.162093997
1.15750885
1.321751356
1.191726804
1.13928628
1.205105305
1.196016908
1.263272762
1.137176037
1.173151374
1.212679029
1.203926563
1.200145721
1.174200416
1.131637812
1.175936341
1.138540745
1.394986391
1.24161756
1.232409477
1.318439245
1.302770495
1.309947491
1.213923335
1.161684275
1.10689497
1.178504467
1.190800905
1.16885221
1.153366685
1.169188023
1.192968726
1.198210597
1.204107404
1.137602568
1.170910478
1.239910007
1.156843305
1.166927695
1.301173329
1.272766232
1.267137647
1.178602219
1.136655569
1.239989758
1.234579921
1.227114081
1.237959623
1.248319387
1.21895659
1.157155037
1.234689832
1.084845901
1.053411365
1.214908719
1.203669548
1.263586402
1.233456254
1.144941568
1.214410782
1.232303381
1.083556175
1.213471055
1.191773295
1.223013282
1.116863847
1.186004877
1.095193624
1.115261078
1.200529099
1.169957161
1.209761858
1.073835373
1.106308103
0.995469332
1.059790492
1.223956704
1.109348178
1.23599124
1.238393426
1.092291832
1.105139136
1.180864811
1.130305409
1.139207482
1.133972526
1.163075924
1.085800052
1.119122267
1.115078926
1.15633595
1.328779101
1.180532336
1.224419117
1.149559975
1.152424932
1.073307514
1.126960039
1.157297969
1.170497298
1.184282064
1.241333127
1.272888303
1.132863522
1.204173326
1.445881724
1.093253255
1.223232508
1.210852742
1.152498007
1.234864354
1.285030007
1.115672708
1.049782038
1.201880455
1.153125763
1.213368416
1.163979769
1.100772023
1.080168962
1.247460961
1.150113106
1.144916892
1.170758605
1.159955978
1.205830097
1.139920473
1.131319404
1.169374347
1.14330101
1.183085918
1.146857262
1.116009116
1.173861265
1.076465487
1.319005728
1.250401139
1.223224044
1.294737935
1.256940842
1.255051017
1.181785107
1.122874856
1.069464564
1.161557913
1.173467875
1.092057467
1.096487403
1.142617583
1.165777445
1.201579213
1.174519539
1.101331353
1.136818528
1.253095031
1.066482306
1.121137857
1.284960508
1.229230642
1.254062772
1.132779717
1.087754726
1.189922214
1.213358164
1.170053124
1.161597729
1.212755561
1.183159113
1.107680559
1.250202417
1.064955831
1.05427146
1.169191241
1.211776495
1.235323787
1.226105213
1.138675094
1.136103272
1.210889339
1.040302992
1.138035297
1.13551569
1.181793213
1.088325143
1.14546299
1.07825017
1.073693871
1.107262254
1.072400928
1.189803839
1.025721192
1.056650758
0.971196532
1.015839577
1.198115945
1.046748161
1.169325948
1.186176777
1.003350139
1.083577275
1.11158514
1.102387786
1.083549619
1.053764939
1.129674077
1.097722173
1.067175746
1.078316331
1.132489085
1.246387959
1.128674388
1.201769114
1.123486876
1.10318017
1.029572248
1.077739596
1.076218486
1.130039215
1.102731705
1.238048077
1.205978036
1.1202209
1.216886997
1.374387026
1.04798305
1.15088129
1.188529253
1.117140889
1.184178948
1.275896907
1.059998512
1.046755672
1.161543727
1.112144828
1.169816256
1.126656055
1.073946714
1.070355177
1.243816137
1.118626356
1.084018469
1.115618825
1.129362702
1.186259508
1.029470921
1.09613812
1.145821333
1.150670648
1.114055753
1.067424059
1.100929379
1.10811305
1.093255162
1.305898428
1.167013764
1.152287006
1.287237763
1.295100212
1.237732291
1.165296555
1.125043511
1.028909564
1.109904408
1.137020588
1.105061173
1.094482899
1.104411006
1.144274831
1.167637467
1.120496035
1.080905318
1.088460207
1.216107845
1.105525494
1.081344128
1.229421139
1.192341208
1.234166503
1.109430194
1.088939548
1.139227152
1.200869918
1.145525813
1.156067729
1.154501319
1.111382842
1.072333694
1.176824808
1.087552071
1.009450197
1.142883658
1.197106481
1.191019177
1.190277457
1.073363423
1.100624681
1.156131387
0.995444953
1.140792966
1.123199105
1.109894633
1.063440919
1.103530765
1.03679812
1.037232399
1.109795332
1.078962922
1.170944571
1.013258576
1.067655087
0.86225158
0.934853792
1.189831853
1.039545774
1.21289885
1.215092182
0.983867884
1.021924138
1.062195182
1.093892217
1.084457636
1.071017385
1.102107286
1.050306678
1.058700442
1.050557733
1.112808943
1.210828185
1.14235723
1.142818689
1.131215096
1.039736152
0.988124907
1.068670154
1.04894805
1.079575539
1.122825384
1.170098186
1.194782019
1.072360396
1.168312669
1.346755028
1.081642032
1.154852867
1.168646693
1.127609849
1.165445924
1.227859378
1.048172832
0.989590108
1.131533265
1.112800956
1.14520061
1.078210354
1.051995635
1.036505938
1.19910574
1.065910935
1.033676982
1.078290105
1.077429056
1.151058197
1.07794106
1.082756996
1.134762287
1.14834106
1.108264923
1.038615227
1.021752834
1.109496593
1.033538461
1.295494795
1.167913437
1.146843553
1.230710387
1.223060966
1.247947454
1.146741509
1.075938821
1.012006879
1.084416866
1.112039447
1.073927522
1.072542429
1.055631757
1.124262333
1.131741166
1.132188916
1.056542754
1.024117708
1.1995821
1.051329017
1.073194504
1.211226225
1.170971155
1.178816438
1.06912303
1.051665187
1.108201265
1.133293509
1.127354145
1.143655539
1.151993275
1.128777504
1.059408665
1.155534029
1.035776138
0.996445179
1.163846016
1.143179774
1.170320034
1.180027723
1.079409599
1.090532184
1.134808064
1.006549239
1.143994689
1.077577472
1.099792004
1.052801132
1.094046235
1.036094785
1.001899958
1.081370473
1.081738353
1.088753343
0.999992907
1.010829568
0.911530674
0.94537127
1.160355926
1.024841666
1.118668079
1.139411688
1.015041113
0.988371491
1.073849678
1.053465009
1.027406812
1.074083924
1.112616062
1.079028845
1.048544526
1.030456543
1.086672068
1.209985375
1.114942312
1.084811211
1.097254753
1.027684927
0.993984163
1.055956602
1.011125445
1.093802333
1.06705308
1.158856869
1.175287127
1.069403529
1.177565575
1.315277576
1.039526582
1.13357389
1.120478153
1.073465466
1.154893994
1.229023576
1.060964227
0.992828071
1.091419816
1.043781638
1.155673742
1.094401717
1.031461954
1.023362994
1.173268557
1.074733853
1.016021848
1.102277756
1.111103892
1.134704232
1.043346405
1.009418011
1.077775478
1.086459517
1.091681004
1.045215964
1.03980124
1.070108294
1.016792536
1.233192086
1.156529546
1.162360787
1.230225325
1.174221039
1.201824427
1.099130154
1.064306617
1.011984587
1.06166029
1.099764943
1.046914577
1.075445294
1.064732909
1.124715686
1.119032264
1.114334464
1.042521119
1.050657868
1.175878048
1.051744938
1.0491395
1.204399824
1.125179887
1.200970411
1.036199927
1.055520415
1.104762793
1.151234508
1.110190034
1.077031016
1.125748754
1.117347717
1.009512424
1.151903033
0.984157085
0.971450508
1.132120967
1.129369259
1.1536448
1.126659036
1.037611127
1.052336454
1.12152648
1.000091195
1.093059897
1.077542186
1.087981105
1.014645815
1.09610796
0.992430329
0.98667413
1.066690087
1.045661449
1.10003376
0.991377711
1.023698211
0.876383543
0.904234469
1.22525692
0.977756381
1.131013632
1.150968671
0.952340662
1.013234138
1.037247181
1.047444463
0.995874465
1.036776185
1.061142325
1.05069387
0.991852462
1.012172937
1.097774744
1.188099146
1.074868083
1.099846363
1.11091125
1.065225363
0.979621947
1.048781514
1.028816223
1.110986233
1.063094616
1.123422027
1.150633335
1.058887243
1.107897639
1.313368559
0.986687541
1.132188916
1.111537337
1.097638369
1.124023557
1.20398736
0.992048681
1.023477793
1.114305139
1.027415991
1.148650408
1.096527696
1.048283696
0.986926377
1.161386609
1.04871428
1.024103999
1.044938922
1.09402895
1.145593524
1.000624776
1.063978672
1.104489326
1.084769011
1.088611007
1.031302094
1.059726119
1.04850769
0.992169619
1.272549987
1.152102828
1.154467821
1.234651804
1.167654157
1.158919454
1.114923596
1.049425006
0.990065515
1.06298089
1.070268273
1.040694475
1.055081248
1.043014526
1.092918873
1.138009191
1.086182237
1.035455346
1.051530361
1.191344261
1.004921079
1.042080045
1.162565231
1.132949471
1.237349749
1.042929292
1.052764535
1.091734529
1.139018774
1.070823908
1.114685893
1.113425493
1.077023268
1.018913507
1.150474429
1.024962306
0.944884419
1.099084616
1.136661887
1.144065261
1.163960457
1.051171899
1.04626596
1.102408886
0.965636134
1.105677843
1.05200541
1.097944021
0.983830929
1.070772409
0.974631727
0.982562006
1.027554512
1.024682879
1.081809521
0.940670848
0.985364318
0.870253444
0.904643178
1.135020375
1.003401875
1.121149302
1.141938925
0.947259843
0.998657167
1.054900408
1.072742343
0.988569438
1.028560877
1.05713582
1.059529305
0.998869002
0.972504735
1.105799556
1.220258832
1.062611341
1.089996219
1.057639599
1.087489724
0.973898351
1.021394253
0.979619324
1.053805947
1.053234458
1.134769678
1.171378732
1.012858152
1.12147212
1.297566295
1.0286057
1.132068157
1.123337626
1.049272656
1.158200264
1.217113137
1.003572464
0.979055524
1.06260097
1.043082237
1.127011418
1.079158783
1.01947701
1.021893024
1.144817591
1.042850852
1.001169324
1.054128647
1.070753574
1.150025368
1.028675199
1.03200531
1.084462285
1.068243742
1.065848112
1.010802507
0.999398768
1.06925106
1.007531047
1.265582085
1.108682752
1.163218379
1.198471308
1.142013311
1.189892292
1.114054322
1.024693012
0.98698777
1.054602504
1.089861989
1.029007435
1.04684782
1.059511542
1.078325272
1.128019691
1.101119518
1.017794251
1.049055457
1.184242845
1.01214993
1.023134232
1.15206027
1.150319815
1.211028695
1.048724771
0.996370733
1.074645042
1.154291511
1.105771899
1.081794024
1.119818211
1.071143031
0.990690291
1.128811598
1.022204041
0.894398391
1.109419227
1.124451041
1.145763516
1.15017724
1.06704247
1.049668193
1.107841492
0.97123462
1.115226626
1.079911828
1.08190906
0.97405225
1.084407806
0.995926738
0.997002959
1.00906074
1.029302597
1.074458003
0.945244193
1.011763573
0.872682631
0.935752392
1.131036162
0.965618551
1.11898303
1.150836706
0.951311707
0.970306396
1.026694655
1.03233695
1.007959485
1.016857028
1.066874981
1.025253773
1.024511099
0.990738153
1.060340405
1.17985177
1.084113121
1.104285359
1.077291489
1.023824334
0.954776585
1.015221715
0.9957003
1.036343098
1.032448649
1.153298259
1.139289856
1.012523532
1.085401654
1.297662616
0.969309986
1.120739222
1.091571689
1.068213224
1.15763545
1.173118353
1.010756016
0.97562021
1.062850118
1.026208878
1.128028989
1.072115541
1.020395637
0.991182804
1.135713339
1.064779878
1.01100409
1.083147407
1.102068305
1.122873664
1.009644508
1.018516541
1.120649934
1.072070837
1.062940359
1.034930348
1.000298619
1.087673187
0.979682922
1.242685318
1.130706906
1.141560435
1.206528068
1.142840028
1.162085652
1.104243875
1.040497661
0.977104127
1.035472393
1.067340016
1.0124259
1.037229776
1.032234788
1.087319493
1.071208715
1.093298912
1.028902411
1.026045799
1.13599813
1.02668643
1.023913741
1.203627586
1.141789913
1.168005228
1.062968016
1.01228106
1.070125699
1.131765485
1.076827884
1.041994929
1.095724821
1.06883812
1.022680759
1.148688436
0.987776756
0.948477089
1.135571718
1.139330387
1.163026929
1.142151237
1.04295969
1.054061651
1.101985693
0.955089748
1.092134714
1.05580008
1.067229867
0.96904254
1.041394472
0.989214182
1.016171336
1.063927889
1.013389587
1.106520891
0.946349204
0.986474872
0.872171938
0.911877751
1.105418563
0.961228907
1.114615798
1.108064055
0.930492759
0.994475365
1.026674628
1.028756499
1.01075685
1.013682485
1.057504296
1.028009653
1.042629123
1.011891842
1.058390141
1.192903996
1.080294132
1.125849605
1.072071791
1.016367435
0.960155666
0.995079339
1.0030545
1.062946439
1.044443965
1.15952003
1.169849396
1.006975532
1.110519886
1.301641703
1.010797501
1.117662907
1.127462149
1.076945782
1.149758697
1.20628202
1.008587837
0.967984855
1.09247911
1.024289727
1.112143993
0.999047399
1.005198836
0.982620776
1.15108633
1.043698192
0.998195827
1.047497511
1.05667603
1.160137653
1.018148303
1.004761219
1.081449986
1.076445341
1.083495975
1.022684097
1.011149168
1.053393006
0.955935776
1.273530006
1.124131203
1.118718266
1.20792973
1.1745646
1.153277636
1.10957849
1.019870281
0.993046999
1.042202234
1.068984866
0.997824371
1.022962451
1.087823749
1.050728321
1.102955341
1.077344298
1.001673937
1.023900867
1.146768332
0.991921723
1.067387342
1.167115688
1.131394029
1.195324421
1.042990208
0.987475932
1.104515672
1.122050285
1.080969334
1.091267109
1.122321129
1.066751838
1.012109756
1.132442117
1.000136256
0.913327157
1.100793839
1.119373679
1.148621798
1.129137874
1.065106153
1.046903849
1.089554787
0.961858332
1.11168921
1.058640838
1.102402091
0.951670527
1.046253085
0.958427966
0.956682146
1.01790452
1.019467115
1.077034354
0.939018011
0.981573522
0.890714288
0.888564885
1.06777823
0.977211237
1.101329446
1.137499094
0.943517506
0.98102957
1.023316026
1.07648921
0.985713005
1.026015878
1.085354209
1.019371748
1.00481534
0.993881643
1.099166989
1.171544075
1.048058867
1.104445696
1.024767995
1.030034423
0.961793244
1.032922745
0.973899782
1.058682442
1.088138342
1.105444551
1.167936325
1.03425467
1.132499218
1.32292676
0.976974666
1.113366723
1.109233499
1.056279063
1.102033734
1.189840794
0.976311326
0.99536252
1.058300257
1.066691995
1.09221065
1.064768553
1.018459439
0.993609607
1.144618392
1.020863652
0.998936832
1.059529424
1.086873293
1.141187191
0.963241875
1.045492411
1.082914591
1.062828898
1.117747545
1.023110271
1.003738642
1.055003166
0.983324409
1.249939084
1.119910717
1.106731296
1.218763351
1.150207043
1.160097241
1.060958147
1.05318892
0.940811515
1.025221944
1.089428544
1.057466269
1.012480497
1.060041308
1.045926929
1.102977633
1.091631413
1.027678013
1.01488328
1.158939362
1.009632826
1.015598059
1.155177236
1.100448608
1.185147643
0.998839319
0.998642743
1.079272985
1.114838958
1.062652469
1.072208166
1.128835797
1.071090102
0.998657167
1.14334321
1.006688595
0.93177557
1.100736976
1.112014651
1.110035062
1.112185478
1.03161943
1.028107643
1.102586269
0.947726548
1.108339906
1.0442307
1.062163115
0.967700064
1.022345066
0.978605449
0.965685368
1.018212557
1.030700922
1.078742981
0.955625594
0.971930146
0.827049494
0.869100869
1.180153966
0.954242468
1.089954853
1.109060049
0.945123553
0.982406139
1.044798493
1.068817973
0.965364695
1.008902431
1.077325821
1.025204062
1.025356889
0.991156697
1.071881652
1.181137443
1.040468812
1.096771598
1.022251844
1.029467583
0.993813932
0.988246679
0.981770754
1.055818439
1.090163827
1.125202179
1.148486733
0.986088037
1.118557215
1.288050652
1.011870861
1.089812636
1.085712194
1.054890633
1.105090141
1.164412379
0.986570954
0.947454333
1.06766963
1.009261131
1.130405903
1.025515079
0.989628255
0.989198148
1.16446054
1.063590646
1.015784144
1.078345418
1.092159152
1.108339667
1.017672777
1.011897802
1.078471899
1.07183373
1.078227043
1.027633905
1.019696355
1.057351947
0.986082315
1.249449611
1.123919725
1.134147167
1.209930182
1.154549956
1.176867247
1.097221494
1.04161787
0.999591947
1.054181695
1.032471299
1.025307417
1.045812726
1.07510519
1.075710416
1.119695187
1.076843977
1.016511798
1.016867757
1.170784831
1.02075839
1.015860438
1.148555875
1.133325696
1.18519187
1.035417199
1.007341146
1.083708048
1.161099911
1.036092758
1.045586586
1.111988306
1.080646515
1.005978942
1.122710705
1.018719316
0.963908374
1.123178005
1.143421054
1.138389468
1.121370077
1.013991833
1.019964218
1.096693039
0.959070444
1.118315101
1.06411469
1.069630623
0.988051236
1.038687229
1.011258841
0.970149517
0.997385323
1.048157692
1.070197225
0.947100401
0.985044658
0.897668898
0.88398993
1.021881461
0.999995947
1.152602792
1.13871944
0.978239179
0.995997012
0.995141447
1.012123108
0.99847728
1.012769938
1.080502152
1.003861308
0.977263033
0.978543878
1.075035095
1.173590302
1.052917123
1.081149697
1.071102738
1.005928397
0.95358187
0.995093942
0.997325659
1.038855314
1.03723228
1.148706675
1.16399169
1.036559343
1.121771693
1.294786811
1.026965976
1.119597793
1.086081147
1.068304181
1.096385241
1.181064248
1.016916394
0.967536867
1.093742371
1.035675645
1.09379828
1.030386806
1.000336409
0.958831489
1.099995613
1.03206706
1.010660052
1.061686635
1.053485513
1.106027842
1.002657771
1.055019736
1.079381227
1.075353146
1.091190338
0.996643901
1.028746963
1.069129348
0.956985176
1.234035611
1.126470923
1.155198336
1.19197619
1.184344649
1.132106662
1.094771266
1.019671679
0.958257735
1.046503425
1.068536401
1.018410563
1.015111685
1.014961243
1.106668353
1.11749661
1.071785569
1.035622239
1.006402135
1.138698459
1.026865482
1.011997461
1.163830757
1.105828524
1.186066628
1.06601274
1.011482954
1.096198678
1.124729276
1.083501458
1.039620042
1.096857429
1.066086173
0.970149994
1.095545769
0.999362648
0.934556544
1.126901507
1.129101515
1.127388477
1.132534862
1.034490824
1.01817739
1.121867299
0.948188066
1.103680611
1.053676367
1.080230951
0.968373358
1.024075031
0.969742119
0.976835966
1.039404392
1.006493568
1.090389967
0.929098427
0.980617046
0.844524086
0.883435249
1.151550174
0.950906038
1.129468083
1.085844398
0.958709061
1.005410671
1.052070975
1.027795196
0.958104372
1.021261334
1.105263948
1.010010362
1.00031209
1.008898139
1.038179994
1.183781624
1.02010715
1.098619461
1.027070522
1.002629399
0.964854658
1.014729023
0.99255079
1.053043485
1.06550324
1.137861013
1.148277402
1.059740186
1.102116227
1.286045313
1.012149572
1.095444798
1.122313738
1.047344446
1.140034437
1.186560988
0.990940571
0.994388938
1.072372437
1.031863213
1.140056014
1.080058455
1.016345263
0.985711634
1.130084395
1.05174315
1.026167274
1.097221017
1.068241477
1.139994025
0.996264696
1.032538772
1.077872038
1.029507041
1.071267605
0.961830616
1.018273234
1.036928892
0.969727695
1.225016713
1.108988643
1.136972427
1.185488105
1.131367445
1.147285223
1.051523209
1.047838807
0.995916247
1.038389802
1.052392721
1.012378693
1.049085617
1.069347501
1.071762562
1.094152212
1.089191318
1.031505942
1.042504668
1.133690357
1.02025032
1.009064794
1.176179886
1.128108382
1.165097594
1.061983109
0.995004892
1.09359324
1.132362604
1.075791121
1.074390411
1.123364806
1.065787792
0.982870817
1.136879802
1.001128435
0.907604277
1.09206295
1.093502998
1.139963865
1.167942882
1.045677543
0.994584858
1.075106502
0.970128059
1.075080276
1.053749442
1.068766952
0.95643121
1.015197396
0.959313571
0.96554333
1.001653671
0.998231292
1.069092155
0.965461016
0.973358274
0.870857656
0.893559754
1.121557117
0.988828957
1.081552982
1.11463964
0.968451858
0.985875547
1.032190919
1.042858005
1.002065659
0.995032847
1.045284629
1.016378403
1.048359275
0.991375625
1.05459404
1.182630539
1.050169468
1.129050255
1.020472169
1.003019214
0.966184378
0.994602442
0.992570639
1.041668534
1.050243616
1.133872628
1.141339183
1.027320147
1.143165469
1.266497135
1.006380439
1.096735597
1.093631268
1.068175554
1.128853679
1.197217464
0.990958393
0.958170593
1.063512921
1.023086905
1.122569442
1.068684816
1.002527118
1.039041042
1.141922832
1.040156126
1.031917572
1.067067981
1.108732343
1.132943392
0.971782744
1.016425967
1.060469031
1.06131351
1.072012544
0.97695303
0.999865711
1.063950539
0.998523414
1.253034353
1.111255884
1.133164406
1.196013451
1.133802772
1.149316788
1.07841444
0.996642828
0.975664079
1.012405515
1.079903841
1.023715615
1.016793251
1.040076256
1.051777363
1.110966206
1.065685987
1.019048572
1.01223886
1.171195745
1.046519279
1.037536979
1.177905917
1.129715085
1.169709444
1.053972602
1.039255857
1.129156113
1.135061145
1.031446099
1.060519338
1.088053584
1.076056719
1.004412532
1.133875608
0.997729182
0.929684043
1.079142332
1.122215986
1.138006926
1.108283877
0.998453796
1.029831171
1.094417095
0.97629261
1.132414818
1.04652822
1.070488214
0.993270278
1.033397198
0.979807258
0.974972129
1.030703068
1.001046419
1.07143724
0.94414866
0.947210073
0.859311819
0.92666465
1.099513292
0.955570519
1.132219672
1.136020184
0.955885589
0.987177849
1.023399591
1.077510715
1.007552981
1.011249185
1.083524346
0.998370051
0.99587208
0.996366024
1.101606965
1.185501695
1.060141325
1.110431075
1.023594499
1.027931213
0.941439092
1.026857495
0.975511551
1.05008781
1.036347032
1.131494403
1.161931992
1.033958912
1.099755049
1.282607913
0.988811553
1.067800403
1.111527205
1.031808257
1.138597965
1.183744311
0.992601216
0.978557646
1.069869161
1.054449439
1.10285902
1.080393076
1.003078938
0.996467233
1.120644331
1.041286826
0.993351817
1.08512187
1.058603168
1.134699345
1.003371835
1.021147013
1.082975149
1.044697762
1.083186507
0.983948708
1.028548956
1.050244927
0.982828856
1.220464349
1.118250012
1.101734638
1.192467928
1.167509675
1.158539414
1.115801215
1.023508072
0.96050787
1.040077686
1.045040131
1.016242743
0.991987824
1.030509591
1.091616392
1.094200492
1.082988143
1.024745226
1.047633767
1.149576545
0.988453865
1.008962035
1.171291113
1.127513409
1.155973196
1.035861373
1.000623703
1.090089321
1.141386509
1.074322701
1.061799645
1.122447491
1.067039967
0.958674908
1.099692702
1.003680825
0.939868689
1.087717414
1.097188115
1.137659669
1.145476222
1.019848704
1.031808019
1.119493484
0.927636623
1.068707585
1.05239439
1.053173423
0.962358177
1.030109882
0.951918125
0.978711963
0.989059031
0.98982203
1.060643792
0.956992388
0.962628067
0.86984849
0.884720862
1.098319888
0.971664667
1.089492917
1.113859177
0.932490945
0.980224371
0.998610377
1.056426287
0.992699623
1.028625131
1.068449616
1.013999701
1.02398026
1.000163674
1.070068836
1.190268159
1.080286145
1.110521197
1.074499965
1.02937305
0.929543257
0.977677047
1.012404323
1.036259294
1.068851352
1.13037312
1.078849673
1.022404671
1.094360471
1.301513791
0.992679834
1.051585197
1.111970186
1.085801244
1.083801508
1.170063019
0.992119014
0.977903664
1.109889865
1.064673781
1.111849308
1.084409118
0.977549613
0.988846719
1.14524138
1.079102993
1.015660763
1.072847009
1.049601912
1.099793911
1.01338923
1.032500982
1.071466327
1.071591496
1.100876689
1.030859709
0.993690729
1.062168717
1.025212407
1.235085011
1.129519105
1.090897441
1.209118843
1.129582882
1.160442591
1.075023174
1.039899707
0.975460529
1.040227056
1.072322249
1.03743577
1.029842496
1.063457966
1.072576165
1.123650312
1.110421896
1.021646857
1.030982733
1.146288276
1.039200425
1.002723575
1.194869518
1.160338163
1.164240122
1.063314319
1.003105402
1.082615137
1.104100466
1.060512543
1.054255843
1.103805661
1.077047229
0.994915545
1.133598566
1.003166556
0.962851822
1.101823092
1.100265622
1.106925011
1.146401048
1.003696561
1.006446362
1.086643457
0.96328032
1.069586873
1.052863121
1.077360153
0.973986208
1.063681483
0.991402864
0.979618847
1.035102487
0.983309507
1.043180227
0.928871632
0.971384406
0.834054649
0.918323517
1.197658896